[1271.98, 392.395, 0.8150000000000546, -4.490000000000009]
[1271.6550000000002, 394.205, 0.3249999999998181, -1.8100000000000023]
[1271.5449999999998, 394.815, 0.1100000000003547, -0.6100000000000136]
[1271.04, 399.34000000000003, 0.5049999999998818, -4.525000000000034]
[1271.325, 396.58500000000004, -0.28500000000008185, 2.7549999999999955]
[1271.4350000000002, 395.625, -0.11000000000012733, 0.9600000000000364]
[1271.475, 395.255, -0.03999999999973625, 0.37000000000000455]
[1271.49, 395.11, -0.015000000000100044, 0.1449999999999818]
[1271.5, 395.05, -0.009999999999990905, 0.060000000000002274]
[1271.5049999999999, 395.03, -0.004999999999881766, 0.020000000000038654]
[1271.065, 399.1, 0.4399999999998272, -4.07000000000005]
[1270.895, 400.64500000000004, 0.17000000000007276, -1.545000000000016]
[1271.285, 397.045, -0.39000000000010004, 3.6000000000000227]
[1271.43, 395.735, -0.1449999999999818, 1.3100000000000023]
[1271.485, 395.22499999999997, -0.05499999999983629, 0.5100000000000477]
[1271.065, 399.08500000000004, 0.4199999999998454, -3.8600000000000705]
[1270.905, 400.565, 0.16000000000008185, -1.4799999999999613]
[1271.295, 396.97999999999996, -0.39000000000010004, 3.5850000000000364]
[1271.44, 395.67499999999995, -0.1449999999999818, 1.3050000000000068]
[1271.05, 399.195, 0.39000000000010004, -3.5200000000000387]
[1271.3500000000001, 396.46000000000004, -0.3000000000001819, 2.734999999999957]
[1271.025, 399.49, 0.3250000000000455, -3.0299999999999727]
[1271.34, 396.55999999999995, -0.3149999999998272, 2.9300000000000637]
[1267.625, 389.55, 3.714999999999918, 7.009999999999934]
[1269.985, 392.745, -2.3599999999999, -3.194999999999993]
[1270.9550000000002, 394.07, -0.9700000000002547, -1.3249999999999886]
[1270.88, 398.635, 0.07500000000004547, -4.564999999999998]
[1272.41, 390.16, -1.5299999999999727, 8.474999999999966]
[1272.955, 387.15500000000003, -0.5449999999998454, 3.0049999999999955]
[1271.6599999999999, 395.875, 1.2950000000000728, -8.71999999999997]
[1272.685, 389.145, -1.025000000000091, 6.730000000000018]
[1271.98, 392.67, 0.7049999999999272, -3.525000000000034]
[1272.79, 388.095, -0.8099999999999454, 4.574999999999989]
[1272.005, 392.31500000000005, 0.7849999999998545, -4.220000000000027]
[1271.7, 394.01000000000005, 0.30500000000006366, -1.6949999999999932]
[1271.57, 394.65500000000003, 0.13000000000010914, -0.6449999999999818]
[1271.53, 394.895, 0.03999999999996362, -0.23999999999995225]
[1271.5249999999999, 394.97, 0.005000000000109139, -0.07500000000004547]
[1272.805, 387.90999999999997, -1.2800000000002, 7.060000000000059]
[1273.085, 386.35, -0.2799999999999727, 1.5599999999999454]
[1276.6899999999998, 391.735, -3.604999999999791, -5.384999999999991]
[1278.07, 393.85, -1.3800000000001091, -2.115000000000009]
[1278.5649999999998, 394.635, -0.49499999999989086, -0.7849999999999682]
[1279.145, 394.815, -0.5800000000001546, -0.18000000000000682]
[1281.775, 365.525, -2.630000000000109, 29.29000000000002]
[1282.42, 359.23, -0.6449999999999818, 6.294999999999959]
[1283.2150000000001, 355.90500000000003, -0.7950000000000728, 3.3249999999999886]
[1282.7450000000001, 356.175, 0.4700000000000273, -0.2699999999999818]
[1282.7050000000002, 355.93, 0.03999999999996362, 0.24500000000000455]
[1281.585, 374.505, 1.1200000000001182, -18.57499999999999]
[1281.11, 381.95, 0.4750000000001364, -7.444999999999993]
[1279.475, 390.735, 1.634999999999991, -8.785000000000025]
[1278.865, 393.99, 0.6099999999999, -3.2549999999999955]
[1278.895, 395.36, -0.029999999999972715, -1.3700000000000045]
[1278.595, 395.34000000000003, 0.2999999999999545, 0.01999999999998181]
[1278.59, 396.54499999999996, 0.005000000000109139, -1.2049999999999272]
[1277.44, 401.14500000000004, 1.1499999999998636, -4.60000000000008]
[1279.675, 390.77000000000004, -2.2349999999999, 10.375]
[1280.365, 387.59000000000003, -0.6900000000000546, 3.180000000000007]
[1280.6299999999999, 386.345, -0.26499999999987267, 1.2450000000000045]
[1280.72, 385.875, -0.09000000000014552, 0.4700000000000273]
[1280.745, 385.72, -0.024999999999863576, 0.15499999999997272]
[1279.345, 391.63, 1.3999999999998636, -5.909999999999968]
[1278.795, 393.935, 0.5499999999999545, -2.305000000000007]
[1277.81, 398.865, 0.9850000000001273, -4.930000000000007]
[1277.4399999999998, 400.695, 0.37000000000011823, -1.829999999999984]
[1277.27, 401.73, 0.16999999999984539, -1.035000000000025]
[1278.225, 396.585, -0.9549999999999272, 5.145000000000039]
[1278.3999999999999, 395.62, -0.17499999999995453, 0.964999999999975]
[1278.465, 395.255, -0.06500000000005457, 0.3650000000000091]
[1279.91, 389.125, -1.4450000000001637, 6.1299999999999955]
[1280.4450000000002, 386.84499999999997, -0.5350000000000819, 2.2800000000000296]
[1280.655, 385.98, -0.209999999999809, 0.8649999999999523]
[1280.725, 385.67499999999995, -0.06999999999993634, 0.30500000000006366]
[1280.8999999999999, 384.95, -0.17499999999995453, 0.7249999999999659]
[1273.2949999999998, 385.745, 7.605000000000018, -0.7950000000000159]
[1272.92, 385.71, 0.3749999999997726, 0.03500000000002501]
[1271.02, 401.03000000000003, 1.900000000000091, -15.32000000000005]
[1270.75, 396.78499999999997, 0.2699999999999818, 4.245000000000061]
[1270.655, 395.55999999999995, 0.09500000000002728, 1.2250000000000227]
[1271.0900000000001, 390.605, -0.4350000000001728, 4.954999999999927]
[1266.5249999999999, 393.16, 4.565000000000282, -2.555000000000007]
[1269.1599999999999, 398.56, -2.634999999999991, -5.399999999999977]
[1265.7849999999999, 400.525, 3.375, -1.964999999999975]
[1265.4350000000002, 391.04499999999996, 0.3499999999996817, 9.480000000000018]
[1265.315, 387.61, 0.12000000000011823, 3.4349999999999454]
[1264.4550000000002, 396.105, 0.8599999999999, -8.495000000000005]
[1264.1550000000002, 399.56, 0.2999999999999545, -3.454999999999984]
[1264.1799999999998, 392.0, -0.024999999999636202, 7.560000000000002]
[1264.1950000000002, 389.265, -0.015000000000327418, 2.7350000000000136]
[1263.6999999999998, 388.635, 0.4950000000003456, 0.6299999999999955]
[1231.97, 394.505, 31.72999999999979, -5.8700000000000045]
[1229.9550000000002, 394.925, 2.0149999999998727, -0.4200000000000159]
[1228.5, 395.205, 1.4550000000001546, -0.2799999999999727]
[1223.6299999999999, 389.625, 4.870000000000118, 5.579999999999984]
[1222.4, 393.12, 1.2299999999997908, -3.4950000000000045]
[1223.7649999999999, 398.465, -1.3649999999997817, -5.34499999999997]
[1222.595, 396.33000000000004, 1.1699999999998454, 2.134999999999934]
[1223.9399999999998, 399.615, -1.3449999999998, -3.284999999999968]
[1222.77, 396.72999999999996, 1.1699999999998454, 2.8850000000000477]
[1221.705, 396.98, 1.0650000000000546, -0.25000000000005684]
[1214.2800000000002, 361.955, 7.424999999999727, 35.025000000000034]
[1213.395, 357.84000000000003, 0.8850000000002183, 4.114999999999952]
[1211.965, 354.53, 1.4300000000000637, 3.310000000000059]
