3,1,1630.32,552.16,39.73,121.23,1,-1,-1,-1
3,3,503.59,548.77,29.79,91.15,1,-1,-1,-1
3,4,172.70,573.96,54.70,166.20,1,-1,-1,-1
3,5,105.60,707.81,41.26,125.75,1,-1,-1,-1
3,6,1493.62,514.13,25.39,78.17,1,-1,-1,-1
3,7,1440.76,389.28,60.74,184.26,1,-1,-1,-1
4,1,1637.79,550.39,41.27,125.92,1,-1,-1,-1
4,3,501.95,548.15,30.94,94.68,1,-1,-1,-1
4,4,161.54,577.92,55.62,169.01,1,-1,-1,-1
4,5,101.03,714.71,41.71,127.13,1,-1,-1,-1
4,6,1501.40,512.99,24.07,74.12,1,-1,-1,-1
4,7,1437.77,379.30,66.65,202.18,1,-1,-1,-1
4,8,1384.23,507.22,38.00,115.96,1,-1,-1,-1
5,1,1647.39,563.77,39.71,121.17,1,-1,-1,-1
5,3,496.67,543.08,31.30,95.78,1,-1,-1,-1
5,4,149.85,570.85,55.86,169.73,1,-1,-1,-1
5,5,75.98,707.12,39.44,120.22,1,-1,-1,-1
5,6,1505.85,511.48,23.62,72.72,1,-1,-1,-1
5,7,1442.33,385.95,65.24,197.90,1,-1,-1,-1
5,8,1388.02,505.18,38.92,118.76,1,-1,-1,-1
5,10,1551.37,567.37,39.00,119.00,1,-1,-1,-1
6,1,1656.15,574.28,39.14,119.43,1,-1,-1,-1
6,3,495.34,548.99,33.08,101.21,1,-1,-1,-1
6,4,146.65,578.70,53.24,161.76,1,-1,-1,-1
6,5,65.22,718.28,39.07,119.09,1,-1,-1,-1
6,6,1510.47,526.39,25.10,77.29,1,-1,-1,-1
6,7,1452.76,404.75,61.52,186.61,1,-1,-1,-1
6,10,1560.08,574.51,41.16,125.57,1,-1,-1,-1
7,1,1657.94,560.37,45.40,138.50,1,-1,-1,-1
7,3,494.93,546.25,33.69,103.09,1,-1,-1,-1
7,4,137.55,578.91,54.90,166.80,1,-1,-1,-1
7,5,53.19,721.80,40.97,124.89,1,-1,-1,-1
7,6,1514.97,528.69,25.10,77.27,1,-1,-1,-1
7,7,1451.70,395.65,66.51,201.73,1,-1,-1,-1
7,10,1568.08,577.74,39.82,121.51,1,-1,-1,-1
8,1,1664.99,568.48,47.52,144.93,1,-1,-1,-1
8,3,494.86,549.86,33.91,103.74,1,-1,-1,-1
8,4,126.91,586.63,55.46,168.51,1,-1,-1,-1
8,5,36.07,733.61,39.71,121.04,1,-1,-1,-1
8,6,1517.46,527.79,26.85,82.67,1,-1,-1,-1
8,7,1451.02,391.37,71.48,216.78,1,-1,-1,-1
8,8,1393.36,519.75,39.15,119.46,1,-1,-1,-1
8,10,1574.37,582.36,40.02,122.09,1,-1,-1,-1
9,1,1672.70,576.74,46.21,140.92,1,-1,-1,-1
9,3,492.60,552.20,30.99,94.83,1,-1,-1,-1
9,4,115.67,581.77,55.66,169.08,1,-1,-1,-1
9,5,19.28,737.77,39.21,119.54,1,-1,-1,-1
9,6,1521.62,529.55,27.14,83.55,1,-1,-1,-1
9,7,1450.96,400.04,70.12,212.65,1,-1,-1,-1
9,8,1396.09,521.35,39.62,120.91,1,-1,-1,-1
9,10,1584.28,592.00,39.20,119.61,1,-1,-1,-1
10,1,1680.69,594.06,43.59,132.92,1,-1,-1,-1
10,3,489.23,548.89,31.32,95.87,1,-1,-1,-1
10,4,104.23,572.22,55.71,169.24,1,-1,-1,-1
10,5,2.83,728.25,40.97,124.90,1,-1,-1,-1
10,7,1460.05,412.84,69.48,210.67,1,-1,-1,-1
10,10,1588.38,600.14,41.07,125.30,1,-1,-1,-1
11,1,1690.43,586.04,44.60,136.00,1,-1,-1,-1
11,3,488.10,552.13,31.44,96.23,1,-1,-1,-1
11,4,92.76,583.72,55.71,169.24,1,-1,-1,-1
11,5,-10.28,731.59,41.10,125.30,1,-1,-1,-1
11,7,1463.04,415.12,70.40,213.46,1,-1,-1,-1
11,8,1401.07,521.44,39.19,119.59,1,-1,-1,-1
11,10,1594.86,606.14,41.39,126.29,1,-1,-1,-1
11,15,197.73,587.01,57.00,173.36,1,-1,-1,-1
12,1,1698.26,591.47,42.96,130.98,1,-1,-1,-1
12,3,482.86,547.70,36.43,111.49,1,-1,-1,-1
12,4,83.46,585.40,56.02,170.18,1,-1,-1,-1
12,8,1403.73,522.63,39.49,120.49,1,-1,-1,-1
12,10,1600.31,593.92,44.21,134.85,1,-1,-1,-1
12,15,185.65,581.86,59.83,181.95,1,-1,-1,-1
13,1,1702.51,591.03,44.34,135.16,1,-1,-1,-1
13,3,481.28,541.26,35.03,107.18,1,-1,-1,-1
13,4,64.35,574.39,58.86,178.79,1,-1,-1,-1
13,10,1606.66,597.46,44.86,136.85,1,-1,-1,-1
13,15,172.97,572.12,60.63,184.35,1,-1,-1,-1
14,1,1709.95,584.76,44.83,136.66,1,-1,-1,-1
14,3,480.78,543.08,34.37,105.17,1,-1,-1,-1
14,4,53.89,574.58,59.47,180.63,1,-1,-1,-1
14,10,1612.93,594.47,42.65,130.09,1,-1,-1,-1
14,15,166.93,569.69,66.83,203.18,1,-1,-1,-1
15,1,1718.58,588.27,45.01,137.19,1,-1,-1,-1
15,3,480.67,543.78,34.11,104.36,1,-1,-1,-1
15,4,40.79,573.26,63.03,191.40,1,-1,-1,-1
15,8,1409.28,521.54,39.14,119.43,1,-1,-1,-1
15,10,1620.81,594.08,42.20,128.71,1,-1,-1,-1
15,15,158.63,576.05,63.27,192.33,1,-1,-1,-1
16,1,1724.97,584.91,47.21,143.86,1,-1,-1,-1
16,3,479.63,545.66,31.06,95.08,1,-1,-1,-1
16,4,30.06,573.29,63.94,194.17,1,-1,-1,-1
16,8,1415.39,526.95,39.09,119.28,1,-1,-1,-1
16,10,1629.19,599.64,42.04,128.22,1,-1,-1,-1
16,15,143.58,571.87,67.52,205.19,1,-1,-1,-1
17,1,1733.61,583.60,48.03,146.34,1,-1,-1,-1
17,3,475.68,544.72,32.91,100.72,1,-1,-1,-1
17,8,1417.40,528.73,39.08,119.24,1,-1,-1,-1
17,10,1633.97,601.49,40.10,122.30,1,-1,-1,-1
17,15,123.73,579.31,66.05,200.70,1,-1,-1,-1
18,1,1743.08,589.43,48.33,147.24,1,-1,-1,-1
18,3,473.31,539.68,36.87,112.80,1,-1,-1,-1
18,8,1422.91,531.73,40.94,124.92,1,-1,-1,-1
18,10,1640.48,604.19,40.05,122.14,1,-1,-1,-1
18,15,113.03,576.29,68.15,207.06,1,-1,-1,-1
19,1,1754.21,595.80,46.31,141.05,1,-1,-1,-1
19,3,472.44,537.77,38.37,117.36,1,-1,-1,-1
19,8,1425.34,530.48,39.80,121.42,1,-1,-1,-1
19,18,516.10,545.53,35.79,109.34,1,-1,-1,-1
20,1,1764.26,598.19,45.49,138.55,1,-1,-1,-1
20,3,468.70,541.64,35.70,109.21,1,-1,-1,-1
20,8,1426.11,529.90,39.32,119.98,1,-1,-1,-1
20,18,511.03,549.85,34.44,105.22,1,-1,-1,-1
21,1,1773.31,601.31,47.34,144.18,1,-1,-1,-1
21,3,467.31,543.27,34.57,105.73,1,-1,-1,-1
21,8,1426.29,529.63,39.14,119.42,1,-1,-1,-1
21,18,508.73,547.30,35.80,109.36,1,-1,-1,-1
22,1,1782.92,596.01,48.02,146.24,1,-1,-1,-1
22,3,464.51,536.13,39.41,120.52,1,-1,-1,-1
22,8,1431.56,529.50,39.07,119.21,1,-1,-1,-1
22,18,506.77,547.78,36.02,110.06,1,-1,-1,-1
23,1,1787.18,593.98,50.55,153.91,1,-1,-1,-1
23,3,464.08,536.36,39.37,120.37,1,-1,-1,-1
23,8,1433.45,529.42,39.04,119.12,1,-1,-1,-1
24,1,1795.36,593.18,51.51,156.80,1,-1,-1,-1
24,3,463.41,539.21,41.14,125.74,1,-1,-1,-1
24,8,1434.05,529.36,39.03,119.08,1,-1,-1,-1
24,18,501.31,552.84,36.34,111.02,1,-1,-1,-1
25,1,1809.70,599.07,49.61,150.99,1,-1,-1,-1
25,3,458.69,547.89,40.00,122.24,1,-1,-1,-1
25,8,1439.47,534.61,39.02,119.06,1,-1,-1,-1
25,18,499.10,553.99,36.54,111.65,1,-1,-1,-1
26,1,1817.17,601.94,51.13,155.61,1,-1,-1,-1
26,3,455.89,549.26,41.36,126.35,1,-1,-1,-1
26,8,1441.77,533.65,40.89,124.75,1,-1,-1,-1
27,1,1823.62,601.62,54.12,164.68,1,-1,-1,-1
27,3,454.87,549.76,41.86,127.86,1,-1,-1,-1
27,8,1447.41,541.32,39.75,121.27,1,-1,-1,-1
27,18,496.71,553.43,38.69,118.19,1,-1,-1,-1
27,19,1530.65,524.88,27.07,83.20,1,-1,-1,-1
28,1,1833.12,601.47,55.26,168.10,1,-1,-1,-1
28,3,454.55,549.94,42.04,128.37,1,-1,-1,-1
28,8,1449.48,538.99,39.28,119.85,1,-1,-1,-1
28,18,494.75,554.23,39.11,119.47,1,-1,-1,-1
28,19,1534.25,523.48,28.63,88.00,1,-1,-1,-1
29,1,1843.84,608.65,55.69,169.37,1,-1,-1,-1
29,3,450.31,552.10,40.25,122.89,1,-1,-1,-1
29,8,1455.45,543.37,39.11,119.31,1,-1,-1,-1
29,19,1535.25,527.46,29.08,89.35,1,-1,-1,-1
30,1,1856.63,619.10,53.40,162.39,1,-1,-1,-1
30,3,447.34,556.45,41.40,126.38,1,-1,-1,-1
30,8,1457.58,544.96,39.04,119.11,1,-1,-1,-1
30,19,1542.83,531.80,27.83,85.53,1,-1,-1,-1
31,1,1865.60,621.70,53.87,163.84,1,-1,-1,-1
31,3,440.71,569.20,41.82,127.64,1,-1,-1,-1
31,8,1458.25,550.80,39.02,119.03,1,-1,-1,-1
31,19,1545.31,513.47,35.53,109.14,1,-1,-1,-1
32,1,1873.31,643.45,42.53,129.40,1,-1,-1,-1
32,3,439.99,569.86,40.12,122.45,1,-1,-1,-1
32,8,1463.68,558.23,39.01,119.01,1,-1,-1,-1
32,19,1546.28,512.59,38.05,116.81,1,-1,-1,-1
33,1,1882.16,647.95,41.84,127.28,1,-1,-1,-1
33,3,439.85,564.65,39.43,120.36,1,-1,-1,-1
33,8,1465.62,550.36,39.00,119.00,1,-1,-1,-1
33,19,1551.56,502.17,39.06,119.88,1,-1,-1,-1
34,3,438.09,560.88,41.06,125.30,1,-1,-1,-1
34,8,1471.52,547.31,39.00,118.99,1,-1,-1,-1
34,10,1777.06,623.50,55.20,168.20,1,-1,-1,-1
34,18,479.16,552.77,44.63,136.27,1,-1,-1,-1
34,19,1553.59,497.97,39.41,120.90,1,-1,-1,-1
35,3,434.03,556.00,39.81,121.49,1,-1,-1,-1
35,8,1473.63,546.10,39.00,118.99,1,-1,-1,-1
35,10,1785.16,624.23,53.36,162.50,1,-1,-1,-1
35,18,479.64,553.02,41.08,125.41,1,-1,-1,-1
35,19,1559.43,496.41,39.50,121.12,1,-1,-1,-1
36,3,432.56,554.04,39.31,119.95,1,-1,-1,-1
36,8,1479.58,545.61,39.00,118.99,1,-1,-1,-1
36,10,1797.65,624.07,54.93,167.20,1,-1,-1,-1
36,15,87.58,596.75,74.02,224.73,1,-1,-1,-1
36,18,474.24,550.91,41.67,127.18,1,-1,-1,-1
36,19,1561.60,495.90,39.49,121.04,1,-1,-1,-1
37,3,429.93,545.44,40.99,125.09,1,-1,-1,-1
37,8,1481.71,545.40,39.00,118.99,1,-1,-1,-1
37,10,1807.23,621.53,58.09,176.74,1,-1,-1,-1
37,15,77.90,598.00,73.71,223.67,1,-1,-1,-1
37,18,471.87,550.95,41.98,128.15,1,-1,-1,-1
37,19,1567.52,495.80,39.45,120.87,1,-1,-1,-1
37,21,1573.75,521.80,26.88,82.63,1,-1,-1,-1
38,3,425.92,549.99,39.78,121.37,1,-1,-1,-1
38,8,1484.57,537.10,40.87,124.69,1,-1,-1,-1
38,10,1820.12,622.96,56.77,172.67,1,-1,-1,-1
38,15,74.89,598.81,74.11,224.87,1,-1,-1,-1
38,19,1570.42,485.52,41.23,126.29,1,-1,-1,-1
38,21,1574.73,520.44,27.18,83.54,1,-1,-1,-1
39,3,424.48,546.51,39.28,119.87,1,-1,-1,-1
39,8,1488.60,542.06,39.73,121.22,1,-1,-1,-1
39,10,1832.20,630.85,56.19,170.87,1,-1,-1,-1
39,19,1575.86,486.69,40.10,122.76,1,-1,-1,-1
40,3,424.03,545.24,39.10,119.30,1,-1,-1,-1
40,8,1495.31,538.73,39.27,119.81,1,-1,-1,-1
40,10,1843.23,631.84,58.57,178.06,1,-1,-1,-1
40,19,1583.10,487.34,39.58,121.16,1,-1,-1,-1
41,3,423.95,544.79,39.03,119.09,1,-1,-1,-1
41,8,1502.99,542.79,39.10,119.28,1,-1,-1,-1
41,10,1848.70,627.87,62.22,189.10,1,-1,-1,-1
41,19,1586.98,485.13,40.27,123.25,1,-1,-1,-1
41,21,1592.26,508.29,31.22,95.95,1,-1,-1,-1
42,3,421.46,547.81,40.88,124.72,1,-1,-1,-1
42,8,1505.73,544.32,39.03,119.08,1,-1,-1,-1
42,10,1857.79,628.87,63.27,192.27,1,-1,-1,-1
42,19,1592.55,493.78,39.37,120.45,1,-1,-1,-1
42,21,1595.83,505.50,32.08,98.57,1,-1,-1,-1
43,3,417.87,551.05,39.73,121.21,1,-1,-1,-1
43,8,1509.99,542.35,40.88,124.71,1,-1,-1,-1
43,19,1594.20,501.02,39.22,119.99,1,-1,-1,-1
44,3,413.63,550.19,41.14,125.51,1,-1,-1,-1
44,8,1513.36,549.30,39.73,121.20,1,-1,-1,-1
44,19,1596.59,493.49,41.04,125.49,1,-1,-1,-1
45,3,415.00,552.00,39.82,121.48,1,-1,-1,-1
45,8,1518.18,549.87,41.14,125.51,1,-1,-1,-1
45,19,1600.14,489.61,43.67,133.48,1,-1,-1,-1
46,3,410.34,552.70,39.29,119.86,1,-1,-1,-1
46,8,1519.88,550.07,41.66,127.08,1,-1,-1,-1
46,19,1602.02,504.07,40.95,125.13,1,-1,-1,-1
47,3,408.69,552.96,39.09,119.26,1,-1,-1,-1
47,8,1527.16,557.46,40.01,122.04,1,-1,-1,-1
47,19,1613.17,504.77,39.77,121.52,1,-1,-1,-1
48,3,405.75,552.64,42.91,130.88,1,-1,-1,-1
48,8,1535.11,560.30,39.35,120.05,1,-1,-1,-1
48,19,1622.49,505.02,39.32,120.14,1,-1,-1,-1
48,21,1624.05,530.05,27.89,85.72,1,-1,-1,-1
49,3,406.99,558.02,40.56,123.73,1,-1,-1,-1
49,8,1537.11,559.51,41.00,125.04,1,-1,-1,-1
49,18,448.88,560.78,39.15,119.48,1,-1,-1,-1
49,19,1627.32,505.30,39.53,120.77,1,-1,-1,-1
49,21,1626.18,533.09,30.58,93.93,1,-1,-1,-1
50,3,402.35,554.90,39.56,120.69,1,-1,-1,-1
50,8,1537.76,559.19,41.60,126.87,1,-1,-1,-1
50,18,446.85,561.40,39.05,119.19,1,-1,-1,-1
50,21,1631.37,529.65,31.26,95.98,1,-1,-1,-1
50,25,338.76,553.00,39.00,119.00,1,-1,-1,-1
51,3,400.71,559.06,39.19,119.55,1,-1,-1,-1
51,8,1543.84,566.00,39.98,121.93,1,-1,-1,-1
51,19,1633.64,505.14,39.11,119.47,1,-1,-1,-1
51,21,1635.44,530.06,31.66,97.22,1,-1,-1,-1
51,25,336.81,553.00,39.00,119.00,1,-1,-1,-1
52,3,396.48,558.80,40.94,124.86,1,-1,-1,-1
52,8,1551.32,568.58,39.33,119.98,1,-1,-1,-1
52,19,1638.12,505.34,39.23,119.84,1,-1,-1,-1
52,21,1643.00,533.62,29.91,91.85,1,-1,-1,-1
52,25,335.16,550.60,41.08,125.35,1,-1,-1,-1
53,3,394.96,558.69,41.58,126.82,1,-1,-1,-1
53,8,1553.88,568.07,40.98,125.00,1,-1,-1,-1
53,19,1641.35,505.11,39.04,119.25,1,-1,-1,-1
53,21,1647.47,534.39,30.07,92.34,1,-1,-1,-1
53,25,328.70,555.78,41.78,127.46,1,-1,-1,-1
54,3,392.88,560.38,39.97,121.93,1,-1,-1,-1
54,8,1560.35,567.85,41.59,126.84,1,-1,-1,-1
54,19,1649.61,520.25,34.00,103.88,1,-1,-1,-1
54,25,327.93,554.06,40.06,122.22,1,-1,-1,-1
55,3,388.10,559.22,41.23,125.74,1,-1,-1,-1
55,8,1563.80,564.21,43.81,133.57,1,-1,-1,-1
55,18,433.17,553.07,44.50,135.75,1,-1,-1,-1
55,19,1649.38,505.38,39.32,120.10,1,-1,-1,-1
55,21,1656.24,534.73,29.45,90.43,1,-1,-1,-1
55,25,327.86,553.38,39.38,120.15,1,-1,-1,-1
56,3,385.19,560.54,39.83,121.49,1,-1,-1,-1
56,8,1565.09,555.30,48.98,149.31,1,-1,-1,-1
56,18,426.17,552.47,44.90,136.93,1,-1,-1,-1
56,19,1653.52,505.06,39.58,120.91,1,-1,-1,-1
56,21,1658.85,534.31,30.84,94.67,1,-1,-1,-1
56,25,322.45,553.13,39.13,119.39,1,-1,-1,-1
57,3,379.71,559.24,41.17,125.56,1,-1,-1,-1
57,8,1572.18,551.88,50.97,155.33,1,-1,-1,-1
57,18,423.38,552.03,45.34,138.27,1,-1,-1,-1
57,21,1662.51,530.67,29.91,91.80,1,-1,-1,-1
57,25,320.58,553.04,39.04,119.12,1,-1,-1,-1
58,3,376.93,555.27,39.81,121.42,1,-1,-1,-1
58,8,1574.90,550.48,51.76,157.69,1,-1,-1,-1
58,21,1665.24,528.47,30.96,95.00,1,-1,-1,-1
58,25,314.62,553.01,39.01,119.02,1,-1,-1,-1
58,29,497.49,552.40,22.41,69.40,1,-1,-1,-1
59,3,376.86,551.54,41.16,125.52,1,-1,-1,-1
59,8,1582.54,549.93,52.04,158.51,1,-1,-1,-1
59,21,1666.83,525.04,32.84,100.74,1,-1,-1,-1
59,25,310.30,550.81,40.90,124.76,1,-1,-1,-1
59,29,493.01,546.43,24.59,76.15,1,-1,-1,-1
60,3,371.29,550.19,41.65,127.02,1,-1,-1,-1
60,8,1586.84,557.79,49.88,151.89,1,-1,-1,-1
60,18,414.61,552.17,45.11,137.53,1,-1,-1,-1
60,21,1666.68,513.16,38.63,118.43,1,-1,-1,-1
60,25,308.78,550.01,41.59,126.87,1,-1,-1,-1
60,29,488.90,549.92,22.98,71.16,1,-1,-1,-1
61,3,363.63,549.68,41.84,127.58,1,-1,-1,-1
61,8,1587.14,548.82,53.75,163.62,1,-1,-1,-1
61,18,411.79,551.86,45.41,138.45,1,-1,-1,-1
61,19,1666.24,476.00,47.53,145.10,1,-1,-1,-1
61,21,1670.02,511.44,39.57,121.29,1,-1,-1,-1
61,25,305.25,551.85,39.99,122.00,1,-1,-1,-1
61,29,486.23,549.16,23.18,71.77,1,-1,-1,-1
62,3,365.98,551.65,40.05,122.12,1,-1,-1,-1
62,8,1593.65,549.28,52.78,160.67,1,-1,-1,-1
62,19,1669.71,473.36,48.35,147.61,1,-1,-1,-1
62,25,304.06,547.22,39.35,120.06,1,-1,-1,-1
63,3,361.81,561.75,41.24,125.76,1,-1,-1,-1
63,8,1605.29,551.11,47.94,145.93,1,-1,-1,-1
63,18,411.58,564.51,42.50,129.55,1,-1,-1,-1
63,19,1674.92,465.55,48.36,147.55,1,-1,-1,-1
63,21,1684.56,509.13,35.24,108.00,1,-1,-1,-1
63,25,298.39,561.57,39.12,119.34,1,-1,-1,-1
64,3,359.23,549.87,43.66,133.12,1,-1,-1,-1
64,8,1607.08,557.35,50.56,153.88,1,-1,-1,-1
64,18,409.07,556.72,40.06,122.13,1,-1,-1,-1
64,19,1678.53,462.49,49.12,149.86,1,-1,-1,-1
64,21,1688.91,511.37,37.92,116.15,1,-1,-1,-1
64,25,295.14,549.70,42.94,130.96,1,-1,-1,-1
65,3,353.89,555.11,42.62,129.95,1,-1,-1,-1
65,8,1608.28,560.76,49.21,149.76,1,-1,-1,-1
65,18,404.86,557.81,41.20,125.60,1,-1,-1,-1
65,21,1690.43,506.82,38.77,118.70,1,-1,-1,-1
65,25,288.08,551.27,44.33,135.18,1,-1,-1,-1
66,3,352.22,564.29,40.32,122.94,1,-1,-1,-1
66,8,1615.06,562.09,48.65,148.05,1,-1,-1,-1
66,18,403.42,563.88,41.60,126.82,1,-1,-1,-1
66,21,1696.04,505.08,39.09,119.63,1,-1,-1,-1
66,25,287.39,562.64,41.08,125.30,1,-1,-1,-1
67,3,343.71,550.41,43.38,132.24,1,-1,-1,-1
67,8,1624.91,574.19,46.27,140.81,1,-1,-1,-1
67,18,397.30,554.80,41.76,127.29,1,-1,-1,-1
67,21,1698.07,514.85,39.19,119.91,1,-1,-1,-1
67,25,284.00,554.29,41.64,127.00,1,-1,-1,-1
68,3,337.40,545.20,46.56,141.91,1,-1,-1,-1
68,8,1627.40,566.90,47.56,144.71,1,-1,-1,-1
68,18,389.50,559.17,43.83,133.59,1,-1,-1,-1
68,21,1702.90,522.82,34.40,105.26,1,-1,-1,-1
68,25,277.19,556.93,41.84,127.60,1,-1,-1,-1
69,3,332.45,543.50,45.72,139.34,1,-1,-1,-1
69,8,1628.55,569.94,50.32,153.10,1,-1,-1,-1
69,18,386.57,558.69,42.63,129.94,1,-1,-1,-1
69,21,1707.13,528.07,34.01,104.08,1,-1,-1,-1
69,25,273.48,557.18,42.03,128.17,1,-1,-1,-1
70,3,328.35,540.37,49.76,151.60,1,-1,-1,-1
70,8,1634.93,571.86,49.10,149.39,1,-1,-1,-1
70,18,385.61,558.49,42.14,128.45,1,-1,-1,-1
70,21,1707.02,523.63,37.29,114.08,1,-1,-1,-1
71,3,325.43,541.33,49.05,149.43,1,-1,-1,-1
71,8,1638.02,571.74,50.91,154.87,1,-1,-1,-1
71,18,379.37,554.47,43.98,134.03,1,-1,-1,-1
71,21,1706.97,522.04,38.48,117.68,1,-1,-1,-1
72,3,322.25,548.11,46.60,141.95,1,-1,-1,-1
72,8,1641.87,568.84,54.01,164.27,1,-1,-1,-1
72,18,377.44,556.85,42.68,130.07,1,-1,-1,-1
72,21,1706.79,516.21,38.94,119.06,1,-1,-1,-1
72,38,497.35,524.64,44.23,134.81,1,-1,-1,-1
73,3,316.94,544.37,47.78,145.52,1,-1,-1,-1
73,8,1643.24,567.71,55.19,167.84,1,-1,-1,-1
73,18,371.18,557.80,42.16,128.48,1,-1,-1,-1
73,21,1706.58,519.14,39.10,119.53,1,-1,-1,-1
73,38,489.98,518.02,44.98,137.08,1,-1,-1,-1
74,3,309.19,540.84,50.48,153.70,1,-1,-1,-1
74,8,1647.58,570.04,53.22,161.83,1,-1,-1,-1
74,18,368.97,558.16,41.96,127.88,1,-1,-1,-1
74,21,1711.62,520.28,39.15,119.66,1,-1,-1,-1
74,38,486.24,515.96,45.88,139.82,1,-1,-1,-1
75,3,304.46,547.86,47.17,143.64,1,-1,-1,-1
75,8,1654.34,578.24,50.10,152.33,1,-1,-1,-1
75,18,361.46,554.35,43.90,133.79,1,-1,-1,-1
75,21,1713.46,520.73,39.16,119.66,1,-1,-1,-1
76,3,297.67,544.32,47.96,146.01,1,-1,-1,-1
76,8,1658.45,580.96,51.24,155.80,1,-1,-1,-1
76,18,356.28,553.06,46.74,142.41,1,-1,-1,-1
76,21,1714.82,527.00,35.80,109.43,1,-1,-1,-1
77,3,288.45,540.86,50.53,153.80,1,-1,-1,-1
77,8,1659.86,581.91,51.65,157.03,1,-1,-1,-1
77,18,350.94,552.46,45.74,139.35,1,-1,-1,-1
77,21,1714.38,523.12,37.93,115.92,1,-1,-1,-1
78,3,284.96,547.96,47.14,143.51,1,-1,-1,-1
78,8,1664.94,582.55,49.50,150.51,1,-1,-1,-1
78,18,342.98,552.24,45.31,138.04,1,-1,-1,-1
78,21,1714.24,521.78,38.67,118.16,1,-1,-1,-1
79,3,277.84,544.39,47.92,145.86,1,-1,-1,-1
79,8,1668.97,582.37,51.00,155.06,1,-1,-1,-1
79,18,340.13,552.18,45.14,137.51,1,-1,-1,-1
79,21,1716.10,521.75,38.96,119.03,1,-1,-1,-1
80,3,275.37,543.12,48.20,146.69,1,-1,-1,-1
80,8,1670.36,582.28,51.55,156.71,1,-1,-1,-1
80,18,333.17,552.17,45.07,137.28,1,-1,-1,-1
80,38,455.72,531.60,42.20,128.60,1,-1,-1,-1
81,3,268.51,549.02,46.15,140.47,1,-1,-1,-1
81,8,1670.72,582.19,51.75,157.32,1,-1,-1,-1
81,18,324.65,552.18,45.04,137.17,1,-1,-1,-1
81,25,149.82,552.55,44.88,136.80,1,-1,-1,-1
81,38,447.94,526.17,41.94,127.81,1,-1,-1,-1
82,3,259.17,551.43,47.54,144.67,1,-1,-1,-1
82,8,1675.00,579.76,54.29,165.02,1,-1,-1,-1
82,18,319.57,551.86,45.19,137.63,1,-1,-1,-1
82,25,139.58,552.36,44.96,137.04,1,-1,-1,-1
82,38,442.38,525.28,43.94,133.90,1,-1,-1,-1
82,44,522.63,537.00,39.00,119.00,1,-1,-1,-1
83,3,255.88,552.30,48.04,146.19,1,-1,-1,-1
83,8,1676.53,578.83,55.24,167.88,1,-1,-1,-1
83,18,313.69,559.32,45.02,137.12,1,-1,-1,-1
83,25,129.65,552.41,47.15,143.66,1,-1,-1,-1
83,38,437.95,530.11,42.65,129.95,1,-1,-1,-1
83,44,520.43,537.00,39.00,119.00,1,-1,-1,-1
84,3,249.60,552.51,46.08,140.25,1,-1,-1,-1
84,8,1676.98,578.44,55.59,168.95,1,-1,-1,-1
84,18,309.29,564.60,42.95,130.81,1,-1,-1,-1
84,25,126.47,556.16,43.89,133.73,1,-1,-1,-1
84,38,432.96,530.72,42.65,129.96,1,-1,-1,-1
84,44,514.06,537.00,39.00,119.00,1,-1,-1,-1
85,3,239.62,552.68,47.50,144.56,1,-1,-1,-1
85,8,1676.38,581.56,58.34,177.25,1,-1,-1,-1
85,18,299.01,556.80,46.44,141.44,1,-1,-1,-1
85,25,119.72,559.87,44.59,135.86,1,-1,-1,-1
85,44,506.37,542.73,39.00,119.00,1,-1,-1,-1
85,47,1655.21,477.74,92.39,279.05,1,-1,-1,-1
86,3,233.40,551.01,50.31,153.07,1,-1,-1,-1
86,8,1683.98,579.50,56.79,172.53,1,-1,-1,-1
86,18,292.80,563.30,43.62,132.85,1,-1,-1,-1
86,25,111.39,561.19,44.85,136.62,1,-1,-1,-1
86,29,334.90,558.67,29.11,89.93,1,-1,-1,-1
86,38,415.76,533.70,44.59,135.85,1,-1,-1,-1
86,44,501.35,544.04,39.00,119.00,1,-1,-1,-1
86,47,1655.06,464.55,90.80,274.26,1,-1,-1,-1
87,3,227.49,552.06,49.12,149.44,1,-1,-1,-1
87,8,1686.74,581.96,58.77,178.54,1,-1,-1,-1
87,18,286.28,562.36,44.49,135.50,1,-1,-1,-1
87,25,107.28,555.73,47.09,143.42,1,-1,-1,-1
87,29,329.05,560.40,27.87,86.03,1,-1,-1,-1
87,38,409.96,534.51,44.81,136.53,1,-1,-1,-1
87,44,496.88,545.06,39.00,119.00,1,-1,-1,-1
87,47,1649.50,464.33,100.64,303.97,1,-1,-1,-1
88,3,221.53,558.42,46.46,141.38,1,-1,-1,-1
88,8,1687.82,586.92,56.91,172.87,1,-1,-1,-1
88,18,277.98,562.00,44.80,136.45,1,-1,-1,-1
88,25,101.21,559.51,45.82,139.55,1,-1,-1,-1
88,29,323.00,560.90,27.98,86.35,1,-1,-1,-1
88,44,491.95,546.33,39.00,119.00,1,-1,-1,-1
88,47,1670.53,518.88,86.34,260.81,1,-1,-1,-1
88,49,1373.72,520.08,20.13,62.38,1,-1,-1,-1
89,3,216.99,561.39,47.63,144.94,1,-1,-1,-1
89,8,1687.96,592.71,58.79,178.57,1,-1,-1,-1
89,18,268.64,562.40,47.07,143.32,1,-1,-1,-1
89,25,93.16,561.00,45.29,137.94,1,-1,-1,-1
89,47,1673.81,528.84,84.37,254.87,1,-1,-1,-1
89,49,1372.28,520.65,20.36,63.07,1,-1,-1,-1
90,3,215.45,562.44,48.06,146.21,1,-1,-1,-1
90,8,1690.56,588.76,62.28,189.13,1,-1,-1,-1
90,18,265.63,567.95,45.81,139.48,1,-1,-1,-1
90,25,84.34,567.64,45.09,137.33,1,-1,-1,-1
90,38,387.49,548.29,42.29,128.86,1,-1,-1,-1
90,47,1674.02,534.71,89.67,270.87,1,-1,-1,-1
90,50,424.57,554.38,40.51,123.46,1,-1,-1,-1
91,3,208.62,562.80,48.21,146.69,1,-1,-1,-1
91,8,1688.92,593.20,60.86,184.78,1,-1,-1,-1
91,18,257.93,571.12,47.45,144.46,1,-1,-1,-1
91,25,75.23,570.10,45.01,137.08,1,-1,-1,-1
91,38,381.20,550.17,42.21,128.62,1,-1,-1,-1
91,44,473.39,552.73,39.00,119.00,1,-1,-1,-1
91,47,1674.49,537.07,90.34,272.91,1,-1,-1,-1
91,50,418.41,561.05,39.10,119.16,1,-1,-1,-1
92,3,199.73,569.38,48.27,146.85,1,-1,-1,-1
92,8,1691.13,594.49,61.48,186.68,1,-1,-1,-1
92,18,248.79,572.27,48.05,146.28,1,-1,-1,-1
92,25,69.08,571.97,47.14,143.53,1,-1,-1,-1
92,38,377.22,544.93,44.37,135.18,1,-1,-1,-1
92,44,468.03,554.29,39.00,119.00,1,-1,-1,-1
92,47,1679.98,548.28,86.45,261.18,1,-1,-1,-1
92,50,407.86,556.10,43.20,131.65,1,-1,-1,-1
93,3,190.09,571.83,48.29,146.90,1,-1,-1,-1
93,8,1691.19,598.12,63.48,192.71,1,-1,-1,-1
93,18,240.73,577.68,46.15,140.49,1,-1,-1,-1
93,25,60.57,572.64,47.93,145.92,1,-1,-1,-1
93,38,369.71,561.37,40.87,124.54,1,-1,-1,-1
93,47,1676.40,553.78,89.23,269.58,1,-1,-1,-1
93,50,403.65,564.59,42.38,129.15,1,-1,-1,-1
93,52,1232.02,483.72,48.24,146.58,1,-1,-1,-1
94,3,180.16,572.70,48.29,146.91,1,-1,-1,-1
94,8,1696.78,604.70,61.16,185.66,1,-1,-1,-1
94,18,237.96,579.72,45.39,138.18,1,-1,-1,-1
94,25,48.98,577.86,46.10,140.36,1,-1,-1,-1
94,38,363.52,564.14,40.64,123.83,1,-1,-1,-1
94,44,455.71,558.19,41.43,126.40,1,-1,-1,-1
94,47,1675.09,555.55,90.22,272.58,1,-1,-1,-1
94,50,396.44,567.55,42.04,128.12,1,-1,-1,-1
94,52,1231.29,485.10,47.61,144.66,1,-1,-1,-1
95,3,176.65,572.96,48.29,146.90,1,-1,-1,-1
95,8,1699.95,602.21,66.20,200.92,1,-1,-1,-1
95,18,225.72,574.50,49.59,150.95,1,-1,-1,-1
95,25,40.81,579.58,46.22,140.72,1,-1,-1,-1
95,38,371.63,547.65,46.58,141.91,1,-1,-1,-1
95,44,450.18,559.84,41.69,127.19,1,-1,-1,-1
95,47,1675.79,555.98,94.97,286.94,1,-1,-1,-1
95,50,392.42,575.37,39.96,121.80,1,-1,-1,-1
95,52,1223.76,477.31,54.58,165.86,1,-1,-1,-1
96,3,163.09,572.19,50.59,153.88,1,-1,-1,-1
96,8,1703.12,608.89,65.08,197.49,1,-1,-1,-1
96,18,218.08,579.68,48.89,148.80,1,-1,-1,-1
96,38,356.19,550.91,45.68,139.14,1,-1,-1,-1
96,47,1686.77,555.86,92.47,279.38,1,-1,-1,-1
96,50,385.70,577.96,39.21,119.51,1,-1,-1,-1
96,52,1221.15,476.15,56.06,170.34,1,-1,-1,-1
97,3,158.17,571.88,51.45,156.47,1,-1,-1,-1
97,8,1704.25,611.51,64.57,195.93,1,-1,-1,-1
97,18,215.41,581.72,48.57,147.83,1,-1,-1,-1
97,38,340.89,552.28,47.44,144.48,1,-1,-1,-1
97,47,1691.01,555.43,91.46,276.33,1,-1,-1,-1
97,50,380.38,582.42,38.77,118.18,1,-1,-1,-1
98,3,149.15,577.50,47.37,144.09,1,-1,-1,-1
98,8,1713.13,612.43,64.36,195.25,1,-1,-1,-1
98,18,208.18,582.45,48.44,147.42,1,-1,-1,-1
98,21,1689.69,536.83,39.02,119.17,1,-1,-1,-1
98,38,330.39,551.08,50.35,153.31,1,-1,-1,-1
98,47,1694.64,542.06,95.44,288.35,1,-1,-1,-1
98,50,370.14,578.89,38.90,118.59,1,-1,-1,-1
99,3,139.91,581.11,47.94,145.82,1,-1,-1,-1
99,8,1716.40,612.70,64.26,194.93,1,-1,-1,-1
99,18,199.20,582.68,48.38,147.24,1,-1,-1,-1
99,21,1688.87,542.93,38.99,119.07,1,-1,-1,-1
99,38,320.08,566.90,45.22,137.69,1,-1,-1,-1
99,44,415.80,562.00,44.67,136.25,1,-1,-1,-1
99,47,1697.42,544.91,95.85,289.60,1,-1,-1,-1
99,49,1351.98,529.37,21.94,67.94,1,-1,-1,-1
99,50,362.05,577.55,40.84,124.49,1,-1,-1,-1
100,3,130.23,582.37,48.14,146.43,1,-1,-1,-1
100,8,1716.03,614.09,67.24,203.95,1,-1,-1,-1
100,18,191.48,582.37,50.65,154.12,1,-1,-1,-1
100,21,1688.59,544.74,38.98,119.04,1,-1,-1,-1
100,38,330.41,556.09,49.65,151.16,1,-1,-1,-1
100,44,406.63,562.12,44.95,137.07,1,-1,-1,-1
100,49,1350.06,530.19,22.11,68.47,1,-1,-1,-1
100,50,355.75,580.25,40.80,124.36,1,-1,-1,-1
101,3,120.35,582.77,48.22,146.66,1,-1,-1,-1
101,8,1715.83,614.57,68.35,207.30,1,-1,-1,-1
101,18,181.90,582.23,51.50,156.67,1,-1,-1,-1
101,21,1688.53,545.36,38.98,119.02,1,-1,-1,-1
101,38,324.92,556.84,50.26,153.02,1,-1,-1,-1
101,44,402.54,565.65,43.07,131.31,1,-1,-1,-1
101,50,345.16,577.09,41.62,126.88,1,-1,-1,-1
102,3,117.75,587.51,46.09,140.20,1,-1,-1,-1
102,8,1717.99,614.16,71.98,218.26,1,-1,-1,-1
102,18,171.58,582.13,51.82,157.62,1,-1,-1,-1
102,21,1683.19,545.53,38.99,119.02,1,-1,-1,-1
102,44,395.60,566.94,42.32,129.04,1,-1,-1,-1
102,50,336.36,576.65,41.80,127.43,1,-1,-1,-1
103,3,109.71,584.49,47.47,144.39,1,-1,-1,-1
103,8,1725.40,614.49,70.18,212.78,1,-1,-1,-1
103,18,166.91,582.40,49.64,151.01,1,-1,-1,-1
103,21,1681.24,545.54,38.99,119.01,1,-1,-1,-1
103,38,293.27,580.41,41.21,125.51,1,-1,-1,-1
103,44,387.66,569.93,44.06,134.31,1,-1,-1,-1
103,47,1714.24,552.90,97.47,294.48,1,-1,-1,-1
103,50,327.67,576.46,41.87,127.62,1,-1,-1,-1
104,3,100.47,583.38,47.97,145.91,1,-1,-1,-1
104,8,1728.24,614.53,69.40,210.40,1,-1,-1,-1
104,18,158.94,582.46,48.77,148.36,1,-1,-1,-1
104,21,1680.57,545.50,38.99,119.01,1,-1,-1,-1
104,38,282.28,584.51,39.55,120.47,1,-1,-1,-1
104,44,379.19,574.08,42.72,130.24,1,-1,-1,-1
104,47,1717.53,555.45,97.88,295.72,1,-1,-1,-1
104,50,319.00,576.32,41.89,127.69,1,-1,-1,-1
104,60,247.35,587.79,33.10,101.88,1,-1,-1,-1
105,3,88.00,582.56,50.46,153.47,1,-1,-1,-1
105,8,1732.18,613.98,72.34,219.28,1,-1,-1,-1
105,18,151.60,583.15,48.86,148.62,1,-1,-1,-1
105,21,1680.38,545.45,38.99,119.01,1,-1,-1,-1
105,38,274.50,587.43,39.08,119.04,1,-1,-1,-1
105,44,367.74,566.92,46.37,141.32,1,-1,-1,-1
105,49,1338.28,534.02,22.01,68.14,1,-1,-1,-1
105,50,312.52,582.51,40.03,122.02,1,-1,-1,-1
105,60,239.35,590.98,33.97,104.55,1,-1,-1,-1
105,61,1540.92,514.30,31.48,96.59,1,-1,-1,-1
106,3,76.67,582.23,51.39,156.30,1,-1,-1,-1
106,8,1730.68,623.26,70.23,212.87,1,-1,-1,-1
106,21,1675.05,545.40,38.99,119.01,1,-1,-1,-1
106,25,17.74,580.38,45.01,137.03,1,-1,-1,-1
106,38,259.96,581.97,43.69,133.09,1,-1,-1,-1
106,44,359.73,569.68,45.61,138.99,1,-1,-1,-1
106,49,1335.80,533.44,23.11,71.53,1,-1,-1,-1
106,50,302.46,578.39,41.21,125.63,1,-1,-1,-1
106,60,230.10,591.84,32.59,100.25,1,-1,-1,-1
106,61,1536.12,515.74,29.95,91.89,1,-1,-1,-1
107,3,72.57,575.20,51.75,157.37,1,-1,-1,-1
107,8,1732.90,617.15,72.62,220.09,1,-1,-1,-1
107,18,129.11,582.04,51.32,156.07,1,-1,-1,-1
107,21,1673.10,545.35,38.99,119.01,1,-1,-1,-1
107,25,13.94,580.92,44.96,136.89,1,-1,-1,-1
107,38,251.31,583.81,43.87,133.63,1,-1,-1,-1
107,44,350.91,570.74,45.28,137.95,1,-1,-1,-1
107,49,1333.66,534.10,23.30,72.12,1,-1,-1,-1
107,50,285.10,557.93,53.16,161.97,1,-1,-1,-1
107,60,217.95,586.34,39.12,120.30,1,-1,-1,-1
107,61,1533.93,515.82,27.92,85.68,1,-1,-1,-1
108,3,60.02,569.62,54.32,165.17,1,-1,-1,-1
108,8,1739.75,624.42,70.28,213.00,1,-1,-1,-1
108,18,120.98,582.48,51.63,157.03,1,-1,-1,-1
108,21,1666.74,537.09,40.87,124.71,1,-1,-1,-1
108,44,340.36,557.39,49.58,151.01,1,-1,-1,-1
108,50,271.30,543.41,57.44,174.96,1,-1,-1,-1
108,60,210.23,583.96,37.93,116.59,1,-1,-1,-1
108,61,1531.65,516.01,27.19,83.42,1,-1,-1,-1
108,63,386.63,553.00,39.00,119.00,1,-1,-1,-1
109,3,52.99,570.31,52.88,160.78,1,-1,-1,-1
109,8,1742.31,627.22,69.32,210.08,1,-1,-1,-1
109,18,116.20,581.87,51.78,157.48,1,-1,-1,-1
109,21,1664.80,542.07,39.73,121.23,1,-1,-1,-1
109,44,330.37,548.76,53.54,163.03,1,-1,-1,-1
109,50,262.18,541.03,59.04,179.82,1,-1,-1,-1
109,60,199.82,583.58,40.83,125.45,1,-1,-1,-1
109,63,382.59,553.00,39.00,119.00,1,-1,-1,-1
110,3,43.72,570.62,52.27,158.92,1,-1,-1,-1
110,8,1745.11,626.35,75.76,229.54,1,-1,-1,-1
110,18,107.17,581.79,51.86,157.68,1,-1,-1,-1
110,21,1664.17,544.06,39.27,119.82,1,-1,-1,-1
110,44,322.49,562.16,48.50,147.67,1,-1,-1,-1
110,60,192.68,584.07,40.11,123.16,1,-1,-1,-1
110,61,1523.17,523.38,21.05,64.64,1,-1,-1,-1
110,64,269.82,584.25,41.20,125.71,1,-1,-1,-1
111,3,33.57,570.75,52.03,158.18,1,-1,-1,-1
111,8,1746.12,626.03,78.11,236.62,1,-1,-1,-1
111,18,97.12,581.75,51.88,157.74,1,-1,-1,-1
111,21,1662.08,544.40,39.28,119.86,1,-1,-1,-1
111,44,315.60,562.33,48.46,147.53,1,-1,-1,-1
111,49,1324.38,534.26,22.15,68.54,1,-1,-1,-1
111,60,181.81,588.08,37.99,116.62,1,-1,-1,-1
111,61,1518.87,524.19,20.37,62.59,1,-1,-1,-1
111,64,259.68,584.01,41.90,127.84,1,-1,-1,-1
112,3,24.10,575.41,54.40,165.37,1,-1,-1,-1
112,8,1746.39,625.83,79.01,239.34,1,-1,-1,-1
112,18,86.67,581.73,51.88,157.74,1,-1,-1,-1
112,21,1657.65,544.94,39.06,119.20,1,-1,-1,-1
112,44,306.78,568.87,48.44,147.46,1,-1,-1,-1
112,49,1322.18,534.70,22.18,68.62,1,-1,-1,-1
112,60,174.65,591.22,35.46,108.82,1,-1,-1,-1
112,61,1515.64,525.48,19.00,58.37,1,-1,-1,-1
112,64,250.39,583.95,42.08,128.38,1,-1,-1,-1
113,3,12.92,579.47,52.86,160.67,1,-1,-1,-1
113,8,1746.38,625.70,79.33,240.27,1,-1,-1,-1
113,18,78.27,581.96,52.10,158.41,1,-1,-1,-1
113,21,1655.31,545.30,39.05,119.16,1,-1,-1,-1
113,44,297.25,571.34,48.42,147.39,1,-1,-1,-1
113,60,165.70,590.86,36.13,110.83,1,-1,-1,-1
113,63,345.70,560.74,39.00,119.00,1,-1,-1,-1
113,64,241.51,583.95,42.10,128.43,1,-1,-1,-1
114,3,8.51,581.41,49.91,151.71,1,-1,-1,-1
114,8,1746.29,625.61,79.42,240.51,1,-1,-1,-1
114,18,65.59,581.72,51.88,157.73,1,-1,-1,-1
114,44,289.02,572.25,48.76,148.43,1,-1,-1,-1
114,60,154.59,592.27,38.10,116.83,1,-1,-1,-1
114,61,1506.00,524.35,20.24,62.23,1,-1,-1,-1
114,63,338.51,561.91,39.00,119.00,1,-1,-1,-1
114,64,233.12,590.17,40.11,122.38,1,-1,-1,-1
115,3,0.69,581.76,51.13,155.43,1,-1,-1,-1
115,8,1746.16,625.53,79.42,240.49,1,-1,-1,-1
115,18,51.90,574.48,57.09,173.54,1,-1,-1,-1
115,44,277.70,572.45,48.41,147.36,1,-1,-1,-1
115,60,143.99,596.13,37.13,113.83,1,-1,-1,-1
115,61,1502.25,525.04,19.52,60.03,1,-1,-1,-1
115,63,327.66,559.19,41.31,126.03,1,-1,-1,-1
115,64,224.98,592.45,39.36,120.07,1,-1,-1,-1
116,3,-1.98,588.70,49.27,149.78,1,-1,-1,-1
116,8,1749.39,621.11,83.12,251.65,1,-1,-1,-1
116,18,44.93,576.50,56.35,171.24,1,-1,-1,-1
116,44,268.03,577.78,46.17,140.52,1,-1,-1,-1
116,60,135.35,597.66,36.71,112.49,1,-1,-1,-1
116,63,320.67,560.62,39.86,121.61,1,-1,-1,-1
116,64,209.91,592.95,41.04,125.19,1,-1,-1,-1
117,3,-9.73,590.09,49.12,149.32,1,-1,-1,-1
117,8,1757.57,634.02,80.83,244.71,1,-1,-1,-1
117,18,35.26,577.36,56.00,170.18,1,-1,-1,-1
117,44,256.01,573.66,49.90,151.86,1,-1,-1,-1
117,60,122.93,594.81,38.28,117.25,1,-1,-1,-1
117,63,313.02,561.12,39.31,119.94,1,-1,-1,-1
117,64,199.02,593.10,41.64,127.01,1,-1,-1,-1
118,8,1760.72,639.14,79.86,241.75,1,-1,-1,-1
118,18,18.21,574.31,61.31,186.26,1,-1,-1,-1
118,38,130.30,589.49,44.95,136.91,1,-1,-1,-1
118,44,248.35,577.95,46.87,142.65,1,-1,-1,-1
118,60,113.30,593.73,38.86,118.99,1,-1,-1,-1
118,63,305.14,561.27,39.11,119.32,1,-1,-1,-1
118,64,189.60,593.11,41.86,127.67,1,-1,-1,-1
119,8,1761.81,641.01,79.47,240.56,1,-1,-1,-1
119,18,11.36,579.65,60.55,183.93,1,-1,-1,-1
119,38,120.70,597.90,42.86,130.55,1,-1,-1,-1
119,44,235.30,573.66,50.14,152.58,1,-1,-1,-1
119,60,104.06,593.87,39.42,120.72,1,-1,-1,-1
119,63,299.92,559.51,40.92,124.84,1,-1,-1,-1
119,64,180.10,593.95,42.11,128.45,1,-1,-1,-1
120,8,1762.12,641.65,79.30,240.04,1,-1,-1,-1
120,18,1.69,579.68,61.35,186.36,1,-1,-1,-1
120,38,111.01,598.70,44.23,134.72,1,-1,-1,-1
120,44,226.97,579.28,49.05,149.26,1,-1,-1,-1
120,60,90.39,599.38,39.13,119.80,1,-1,-1,-1
120,63,292.58,559.86,41.13,125.48,1,-1,-1,-1
120,64,167.34,597.56,44.33,135.19,1,-1,-1,-1
121,8,1762.15,641.82,79.22,239.79,1,-1,-1,-1
121,38,101.66,598.96,44.72,136.20,1,-1,-1,-1
121,44,214.04,581.15,50.90,154.86,1,-1,-1,-1
121,47,1747.48,559.25,119.94,362.22,1,-1,-1,-1
121,60,79.05,600.82,41.03,125.53,1,-1,-1,-1
121,63,281.95,560.82,39.53,120.60,1,-1,-1,-1
121,64,157.46,598.73,44.81,136.66,1,-1,-1,-1
122,8,1766.25,638.19,82.94,251.01,1,-1,-1,-1
122,38,92.44,599.00,44.91,136.75,1,-1,-1,-1
122,44,202.58,581.82,51.59,156.93,1,-1,-1,-1
122,47,1763.89,559.11,120.50,363.82,1,-1,-1,-1
122,60,66.51,606.38,39.88,121.98,1,-1,-1,-1
122,63,275.03,559.24,41.12,125.42,1,-1,-1,-1
123,8,1767.73,636.80,84.32,255.17,1,-1,-1,-1
123,38,79.61,606.52,42.96,130.86,1,-1,-1,-1
123,44,191.63,582.03,51.84,157.68,1,-1,-1,-1
123,47,1769.88,559.04,120.69,364.35,1,-1,-1,-1
123,60,56.82,608.53,39.39,120.47,1,-1,-1,-1
123,61,1463.71,513.44,23.53,72.37,1,-1,-1,-1
123,63,265.83,565.70,39.80,121.41,1,-1,-1,-1
124,8,1779.34,647.37,84.84,256.71,1,-1,-1,-1
124,38,69.49,609.33,42.21,128.57,1,-1,-1,-1
124,44,180.89,582.08,51.92,157.91,1,-1,-1,-1
124,47,1770.19,551.20,126.38,381.47,1,-1,-1,-1
124,60,44.88,609.81,41.06,125.54,1,-1,-1,-1
124,61,1459.24,512.69,23.63,72.70,1,-1,-1,-1
124,63,258.18,566.79,41.17,125.57,1,-1,-1,-1
125,8,1783.37,645.96,89.00,269.26,1,-1,-1,-1
125,38,57.15,608.78,43.98,133.94,1,-1,-1,-1
125,44,170.24,582.06,51.94,157.95,1,-1,-1,-1
125,47,1770.23,548.24,128.52,387.86,1,-1,-1,-1
125,60,34.60,611.14,41.55,127.03,1,-1,-1,-1
125,63,249.59,563.69,43.65,133.13,1,-1,-1,-1
126,8,1784.82,645.39,90.56,273.96,1,-1,-1,-1
126,38,46.83,608.54,44.62,135.90,1,-1,-1,-1
126,44,159.63,582.02,51.93,157.92,1,-1,-1,-1
126,47,1770.11,547.09,129.30,390.19,1,-1,-1,-1
126,61,1452.45,518.48,22.40,68.96,1,-1,-1,-1
126,63,240.59,562.48,44.60,135.98,1,-1,-1,-1
127,8,1797.16,645.10,91.13,275.67,1,-1,-1,-1
127,38,32.55,611.09,47.01,143.15,1,-1,-1,-1
127,44,148.99,588.79,49.62,150.91,1,-1,-1,-1
127,47,1772.60,546.36,130.80,394.71,1,-1,-1,-1
127,61,1448.13,518.25,22.40,68.97,1,-1,-1,-1
127,63,232.55,565.45,42.99,131.07,1,-1,-1,-1
128,8,1801.43,650.39,87.34,264.20,1,-1,-1,-1
128,38,21.04,612.02,47.91,145.87,1,-1,-1,-1
128,44,137.46,589.58,53.57,162.87,1,-1,-1,-1
128,63,224.15,566.60,42.33,129.06,1,-1,-1,-1
128,64,75.65,602.92,51.44,156.81,1,-1,-1,-1
129,8,1797.54,651.33,94.21,284.93,1,-1,-1,-1
129,38,10.14,615.60,46.13,140.46,1,-1,-1,-1
129,44,126.06,589.87,54.98,167.14,1,-1,-1,-1
129,63,215.62,572.68,42.08,128.28,1,-1,-1,-1
129,64,64.82,603.78,52.17,159.02,1,-1,-1,-1
130,8,1801.67,659.08,92.51,279.77,1,-1,-1,-1
130,38,0.37,618.01,43.39,132.14,1,-1,-1,-1
130,44,117.92,598.01,50.83,154.55,1,-1,-1,-1
130,63,207.04,574.93,41.98,127.97,1,-1,-1,-1
131,8,1803.16,662.13,91.75,277.46,1,-1,-1,-1
131,38,-10.49,619.82,43.29,131.83,1,-1,-1,-1
131,44,104.43,592.76,54.01,164.19,1,-1,-1,-1
131,47,1793.34,593.28,129.67,391.27,1,-1,-1,-1
131,61,1429.24,518.01,23.55,72.52,1,-1,-1,-1
131,63,195.67,572.62,43.94,133.94,1,-1,-1,-1
131,71,1729.00,561.00,39.00,119.00,1,-1,-1,-1
132,8,1810.84,655.59,95.74,289.47,1,-1,-1,-1
132,44,92.36,598.24,55.14,167.58,1,-1,-1,-1
132,47,1796.73,596.70,130.58,393.99,1,-1,-1,-1
132,61,1425.18,519.44,22.56,69.52,1,-1,-1,-1
132,63,188.77,574.79,42.70,130.17,1,-1,-1,-1
132,71,1722.89,561.00,39.00,119.00,1,-1,-1,-1
132,72,1237.73,521.02,19.02,58.94,1,-1,-1,-1
133,8,1818.35,660.60,92.99,281.14,1,-1,-1,-1
133,44,84.11,601.69,53.12,161.46,1,-1,-1,-1
133,49,1266.69,537.82,23.57,72.85,1,-1,-1,-1
133,61,1420.77,519.94,22.20,68.45,1,-1,-1,-1
133,63,180.86,575.59,42.20,128.62,1,-1,-1,-1
133,71,1720.94,561.00,39.00,119.00,1,-1,-1,-1
133,72,1235.76,521.25,18.77,58.16,1,-1,-1,-1
134,8,1821.12,662.51,91.83,277.64,1,-1,-1,-1
134,44,70.49,601.57,54.80,166.53,1,-1,-1,-1
134,49,1265.81,537.84,23.60,72.93,1,-1,-1,-1
134,61,1416.24,520.13,22.07,68.06,1,-1,-1,-1
134,63,172.51,581.54,42.00,128.03,1,-1,-1,-1
134,71,1720.39,561.00,39.00,119.00,1,-1,-1,-1
134,72,1229.51,521.05,18.98,58.82,1,-1,-1,-1
135,8,1822.02,663.17,91.38,276.25,1,-1,-1,-1
135,18,42.19,553.88,73.44,222.93,1,-1,-1,-1
135,44,55.84,609.72,52.97,160.96,1,-1,-1,-1
135,49,1263.34,537.99,23.66,73.11,1,-1,-1,-1
135,61,1411.66,520.20,22.02,67.92,1,-1,-1,-1
135,63,164.02,583.73,41.93,127.80,1,-1,-1,-1
135,71,1714.70,561.00,39.00,119.00,1,-1,-1,-1
135,72,1226.35,521.16,18.86,58.44,1,-1,-1,-1
136,8,1830.42,668.70,95.51,288.73,1,-1,-1,-1
136,18,42.80,552.46,74.25,225.36,1,-1,-1,-1
136,44,45.72,611.95,54.72,166.28,1,-1,-1,-1
136,61,1407.06,520.22,22.00,67.87,1,-1,-1,-1
136,63,155.47,584.49,41.90,127.71,1,-1,-1,-1
136,71,1712.75,561.00,39.00,119.00,1,-1,-1,-1
137,8,1833.47,670.72,97.05,293.34,1,-1,-1,-1
137,44,34.84,612.73,55.36,168.22,1,-1,-1,-1
137,61,1402.60,520.27,21.95,67.74,1,-1,-1,-1
137,63,146.89,584.71,41.89,127.67,1,-1,-1,-1
137,71,1712.15,561.00,39.00,119.00,1,-1,-1,-1
138,8,1837.41,672.72,97.96,296.10,1,-1,-1,-1
138,44,16.83,609.89,58.23,176.90,1,-1,-1,-1
138,61,1399.28,518.57,23.25,71.72,1,-1,-1,-1
138,63,138.52,586.10,41.91,127.73,1,-1,-1,-1
138,71,1712.04,561.00,39.00,119.00,1,-1,-1,-1
139,21,1569.11,545.04,39.00,119.00,1,-1,-1,-1
139,44,2.44,611.77,56.72,172.31,1,-1,-1,-1
139,61,1394.94,518.43,23.35,72.03,1,-1,-1,-1
139,63,129.78,581.60,44.25,134.85,1,-1,-1,-1
139,71,1706.70,561.00,39.00,119.00,1,-1,-1,-1
140,21,1562.46,545.00,39.00,119.00,1,-1,-1,-1
140,44,-9.62,613.37,57.14,173.57,1,-1,-1,-1
140,61,1392.61,519.78,22.33,68.91,1,-1,-1,-1
140,63,121.38,582.37,44.52,135.67,1,-1,-1,-1
140,71,1704.80,561.00,39.00,119.00,1,-1,-1,-1
141,21,1560.26,544.99,39.00,119.00,1,-1,-1,-1
141,61,1388.46,519.79,22.32,68.88,1,-1,-1,-1
141,71,1704.18,555.66,39.00,119.00,1,-1,-1,-1
142,21,1559.59,544.99,39.00,119.00,1,-1,-1,-1
142,63,102.50,580.57,44.93,136.91,1,-1,-1,-1
142,71,1704.04,553.66,39.00,119.00,1,-1,-1,-1
143,21,1554.15,544.99,39.00,119.00,1,-1,-1,-1
143,61,1383.42,520.15,22.05,68.05,1,-1,-1,-1
143,63,94.86,583.07,42.94,130.85,1,-1,-1,-1
143,71,1702.66,563.10,37.24,113.65,1,-1,-1,-1
144,21,1552.24,544.99,39.00,119.00,1,-1,-1,-1
144,61,1379.81,518.74,23.11,71.33,1,-1,-1,-1
144,63,86.61,583.94,42.24,128.71,1,-1,-1,-1
144,71,1698.26,561.81,38.36,117.07,1,-1,-1,-1
145,21,1545.95,542.44,40.88,124.73,1,-1,-1,-1
145,61,1376.01,518.63,23.19,71.59,1,-1,-1,-1
145,63,78.14,584.61,42.19,128.57,1,-1,-1,-1
145,71,1696.72,561.34,38.77,118.29,1,-1,-1,-1
146,21,1544.07,544.00,39.74,121.24,1,-1,-1,-1
146,61,1370.65,519.82,22.29,68.81,1,-1,-1,-1
146,71,1696.22,561.15,38.92,118.77,1,-1,-1,-1
147,21,1537.43,547.79,41.16,125.56,1,-1,-1,-1
147,61,1366.00,523.24,22.08,68.19,1,-1,-1,-1
147,63,61.04,584.33,41.91,127.71,1,-1,-1,-1
147,71,1696.11,566.36,38.98,118.95,1,-1,-1,-1
148,21,1535.84,551.31,39.83,121.51,1,-1,-1,-1
148,61,1361.97,523.62,22.05,68.07,1,-1,-1,-1
148,63,52.55,584.84,41.84,127.51,1,-1,-1,-1
148,71,1690.85,563.04,39.00,119.01,1,-1,-1,-1
149,21,1530.09,547.33,39.30,119.89,1,-1,-1,-1
149,63,41.18,582.77,46.85,142.73,1,-1,-1,-1
149,71,1688.19,566.57,37.26,113.72,1,-1,-1,-1
150,21,1528.10,551.16,39.10,119.29,1,-1,-1,-1
150,63,34.27,589.24,43.79,133.43,1,-1,-1,-1
150,71,1682.66,563.01,38.37,117.11,1,-1,-1,-1
151,21,1522.18,552.58,39.03,119.06,1,-1,-1,-1
151,63,25.66,590.09,43.92,133.80,1,-1,-1,-1
151,71,1680.14,563.11,38.35,117.04,1,-1,-1,-1
152,21,1512.88,545.24,40.88,124.70,1,-1,-1,-1
153,21,1506.19,545.00,39.72,121.18,1,-1,-1,-1
154,21,1501.50,542.37,41.14,125.49,1,-1,-1,-1
155,21,1496.92,543.91,39.82,121.46,1,-1,-1,-1
156,21,1490.07,544.54,39.29,119.85,1,-1,-1,-1
156,61,1316.40,518.39,23.54,72.67,1,-1,-1,-1
157,21,1482.38,544.78,39.09,119.25,1,-1,-1,-1
157,61,1311.37,518.15,23.64,72.97,1,-1,-1,-1
158,21,1476.26,542.34,40.90,124.74,1,-1,-1,-1
159,21,1472.27,538.73,39.72,121.17,1,-1,-1,-1
160,21,1465.69,542.65,39.25,119.74,1,-1,-1,-1
161,21,1463.43,538.82,39.08,119.21,1,-1,-1,-1
162,21,1458.55,540.16,40.89,124.73,1,-1,-1,-1
163,21,1455.80,543.16,39.72,121.17,1,-1,-1,-1
164,21,1449.68,544.37,39.25,119.74,1,-1,-1,-1
165,21,1442.27,544.82,39.08,119.21,1,-1,-1,-1
166,21,1439.68,544.98,39.01,119.01,1,-1,-1,-1
167,21,1433.60,539.74,38.99,118.95,1,-1,-1,-1
168,21,1426.21,537.77,38.98,118.93,1,-1,-1,-1
169,21,1423.62,537.04,38.98,118.93,1,-1,-1,-1
170,21,1416.70,533.88,40.86,124.63,1,-1,-1,-1
171,21,1414.24,532.72,41.55,126.75,1,-1,-1,-1
172,21,1407.95,532.31,41.82,127.55,1,-1,-1,-1
173,21,1405.72,532.19,41.92,127.83,1,-1,-1,-1
174,21,1406.23,535.06,40.09,122.27,1,-1,-1,-1
175,21,1399.22,534.21,43.29,132.02,1,-1,-1,-1
176,21,1398.74,540.96,40.68,124.05,1,-1,-1,-1
177,21,1398.89,543.75,39.58,120.72,1,-1,-1,-1
178,21,1393.74,544.76,39.18,119.49,1,-1,-1,-1
179,21,1389.98,542.56,40.92,124.79,1,-1,-1,-1
180,21,1385.40,544.25,39.71,121.12,1,-1,-1,-1
181,21,1383.83,544.89,39.23,119.66,1,-1,-1,-1
182,21,1379.69,537.78,42.96,131.01,1,-1,-1,-1
183,21,1376.63,542.25,40.57,123.71,1,-1,-1,-1
184,21,1372.94,541.56,41.44,126.38,1,-1,-1,-1
184,77,1617.04,561.17,39.00,118.87,1,-1,-1,-1
185,21,1371.67,535.69,41.76,127.34,1,-1,-1,-1
185,77,1610.96,561.50,38.92,118.62,1,-1,-1,-1
186,21,1368.75,541.58,40.02,122.04,1,-1,-1,-1
186,77,1615.00,561.49,38.92,118.63,1,-1,-1,-1
187,21,1368.64,536.53,43.27,131.91,1,-1,-1,-1
187,77,1616.41,555.65,38.93,118.68,1,-1,-1,-1
188,21,1364.79,539.33,42.48,129.51,1,-1,-1,-1
188,77,1616.90,553.60,38.95,118.74,1,-1,-1,-1
189,21,1363.43,540.49,42.14,128.48,1,-1,-1,-1
189,77,1617.06,552.90,38.96,118.78,1,-1,-1,-1
190,21,1357.35,540.93,42.01,128.07,1,-1,-1,-1
190,77,1614.31,550.47,40.91,124.70,1,-1,-1,-1
191,21,1355.17,541.10,41.95,127.89,1,-1,-1,-1
191,77,1616.02,551.77,39.73,121.13,1,-1,-1,-1
192,21,1352.67,543.69,40.06,122.13,1,-1,-1,-1
192,77,1613.94,550.15,41.17,125.53,1,-1,-1,-1
193,21,1353.71,542.10,41.23,125.70,1,-1,-1,-1
193,77,1615.88,551.73,39.83,121.44,1,-1,-1,-1
194,21,1352.35,544.04,39.80,121.33,1,-1,-1,-1
194,77,1616.64,552.39,39.29,119.81,1,-1,-1,-1
195,21,1348.03,542.22,41.13,125.41,1,-1,-1,-1
195,77,1622.28,552.66,39.10,119.22,1,-1,-1,-1
196,21,1346.51,541.55,41.62,126.89,1,-1,-1,-1
196,77,1619.02,552.77,39.02,119.00,1,-1,-1,-1
197,21,1346.03,541.30,41.81,127.46,1,-1,-1,-1
197,77,1623.10,552.83,39.00,118.93,1,-1,-1,-1
198,21,1343.07,536.48,43.87,133.74,1,-1,-1,-1
198,77,1624.62,552.86,38.99,118.91,1,-1,-1,-1
199,21,1342.01,534.68,44.65,136.08,1,-1,-1,-1
199,77,1625.16,552.88,38.99,118.91,1,-1,-1,-1
200,21,1341.69,534.00,44.94,136.96,1,-1,-1,-1
200,77,1628.72,550.74,40.87,124.63,1,-1,-1,-1
201,21,1338.96,538.44,43.06,131.23,1,-1,-1,-1
201,77,1630.02,549.95,41.56,126.75,1,-1,-1,-1
202,21,1340.76,535.42,44.33,135.10,1,-1,-1,-1
202,77,1632.36,551.78,39.98,121.93,1,-1,-1,-1
203,21,1338.76,539.01,42.82,130.47,1,-1,-1,-1
203,77,1631.29,550.36,41.24,125.76,1,-1,-1,-1
204,21,1338.07,540.43,42.21,128.63,1,-1,-1,-1
204,77,1635.20,545.55,43.68,133.18,1,-1,-1,-1
205,21,1337.88,540.96,41.98,127.94,1,-1,-1,-1
205,77,1637.93,547.96,42.65,130.05,1,-1,-1,-1
206,21,1336.79,543.70,40.02,121.97,1,-1,-1,-1
206,77,1640.45,551.11,40.35,123.05,1,-1,-1,-1
207,21,1334.12,543.50,43.24,131.77,1,-1,-1,-1
207,77,1645.51,550.16,41.36,126.12,1,-1,-1,-1
208,21,1330.90,547.68,42.41,129.25,1,-1,-1,-1
208,77,1648.47,557.20,39.87,121.57,1,-1,-1,-1
209,21,1330.14,538.12,46.24,140.89,1,-1,-1,-1
209,77,1647.45,554.17,43.21,131.73,1,-1,-1,-1
210,21,1329.86,534.63,47.64,145.14,1,-1,-1,-1
210,77,1653.00,553.08,44.41,135.37,1,-1,-1,-1
211,21,1331.68,539.91,46.09,140.40,1,-1,-1,-1
211,77,1655.56,556.49,42.91,130.79,1,-1,-1,-1
212,21,1332.49,542.04,45.44,138.42,1,-1,-1,-1
212,77,1662.15,557.83,42.29,128.91,1,-1,-1,-1
212,84,879.78,532.72,20.46,63.24,1,-1,-1,-1
213,21,1332.83,542.85,45.19,137.64,1,-1,-1,-1
213,77,1664.53,558.32,42.05,128.19,1,-1,-1,-1
213,84,878.74,530.46,21.57,66.68,1,-1,-1,-1
214,21,1332.99,543.14,45.09,137.32,1,-1,-1,-1
214,77,1671.02,558.48,41.96,127.91,1,-1,-1,-1
214,84,877.97,530.54,21.81,67.41,1,-1,-1,-1
215,21,1333.08,543.25,45.04,137.18,1,-1,-1,-1
215,77,1673.70,554.60,43.93,133.89,1,-1,-1,-1
216,21,1333.14,549.34,45.02,137.11,1,-1,-1,-1
216,77,1680.60,553.15,44.66,136.11,1,-1,-1,-1
217,21,1336.54,555.55,43.00,130.97,1,-1,-1,-1
217,77,1683.17,552.58,44.94,136.94,1,-1,-1,-1
218,21,1337.87,557.88,42.22,128.60,1,-1,-1,-1
218,77,1690.04,552.37,45.03,137.22,1,-1,-1,-1
219,21,1341.12,554.70,43.98,133.94,1,-1,-1,-1
219,77,1698.57,552.30,45.06,137.29,1,-1,-1,-1
220,21,1342.30,553.52,44.62,135.88,1,-1,-1,-1
220,77,1702.75,552.09,45.33,138.12,1,-1,-1,-1
221,21,1341.31,546.67,47.00,143.13,1,-1,-1,-1
222,21,1345.16,548.62,43.84,133.50,1,-1,-1,-1
223,21,1348.86,544.67,46.77,142.41,1,-1,-1,-1
223,77,1720.29,566.88,39.91,121.61,1,-1,-1,-1
224,21,1350.17,543.28,47.80,145.55,1,-1,-1,-1
224,77,1724.93,568.08,39.61,120.71,1,-1,-1,-1
225,21,1351.67,543.07,46.08,140.31,1,-1,-1,-1
225,77,1735.62,569.05,39.09,119.15,1,-1,-1,-1
226,21,1351.14,542.68,47.55,144.76,1,-1,-1,-1
226,77,1743.28,551.25,45.25,137.87,1,-1,-1,-1
227,21,1350.93,542.55,48.09,146.38,1,-1,-1,-1
227,77,1752.20,545.42,47.27,144.00,1,-1,-1,-1
228,21,1357.28,542.51,48.28,146.97,1,-1,-1,-1
228,77,1756.91,543.40,45.99,140.10,1,-1,-1,-1
229,21,1359.68,542.51,48.35,147.16,1,-1,-1,-1
229,77,1763.59,542.37,47.59,144.93,1,-1,-1,-1
230,21,1360.54,542.53,48.36,147.19,1,-1,-1,-1
230,77,1772.30,542.01,48.17,146.70,1,-1,-1,-1
231,21,1362.47,540.35,50.65,154.14,1,-1,-1,-1
231,77,1781.89,541.94,48.39,147.33,1,-1,-1,-1
232,21,1367.98,547.95,47.15,143.48,1,-1,-1,-1
232,77,1791.75,541.97,48.45,147.50,1,-1,-1,-1
233,21,1370.09,551.04,45.70,139.09,1,-1,-1,-1
233,77,1801.75,542.03,48.46,147.51,1,-1,-1,-1
234,21,1370.66,545.66,47.36,144.13,1,-1,-1,-1
234,77,1811.74,542.09,48.44,147.46,1,-1,-1,-1
235,21,1370.96,550.04,45.83,139.47,1,-1,-1,-1
235,77,1821.77,542.16,48.42,147.39,1,-1,-1,-1
236,21,1373.07,543.04,49.74,151.35,1,-1,-1,-1
236,77,1828.02,540.03,50.70,154.28,1,-1,-1,-1
237,21,1373.83,540.53,51.15,155.61,1,-1,-1,-1
237,77,1840.25,541.40,49.29,150.00,1,-1,-1,-1
238,21,1380.85,539.55,51.70,157.26,1,-1,-1,-1
238,77,1846.22,535.42,53.49,162.72,1,-1,-1,-1
239,21,1383.52,539.19,51.89,157.84,1,-1,-1,-1
239,77,1857.16,530.73,52.64,160.12,1,-1,-1,-1
240,21,1390.23,534.76,54.40,165.43,1,-1,-1,-1
240,77,1872.09,538.32,47.83,145.52,1,-1,-1,-1
241,21,1393.86,537.35,52.93,160.96,1,-1,-1,-1
241,77,1880.90,537.60,47.89,145.70,1,-1,-1,-1
242,21,1395.15,538.45,52.31,159.06,1,-1,-1,-1
243,21,1403.82,541.40,47.61,144.78,1,-1,-1,-1
244,21,1407.00,542.58,45.77,139.19,1,-1,-1,-1
245,21,1413.81,540.40,49.70,151.15,1,-1,-1,-1
246,21,1418.65,541.80,48.82,148.48,1,-1,-1,-1
247,21,1424.88,540.16,50.78,154.41,1,-1,-1,-1
248,21,1429.05,541.73,49.23,149.69,1,-1,-1,-1
249,21,1435.45,540.14,50.93,154.85,1,-1,-1,-1
250,21,1438.51,535.23,53.99,164.16,1,-1,-1,-1
251,21,1446.62,539.77,50.51,153.57,1,-1,-1,-1
251,102,926.47,531.69,20.83,64.69,1,-1,-1,-1
252,21,1455.57,539.43,51.39,156.24,1,-1,-1,-1
252,102,930.48,532.44,20.53,63.72,1,-1,-1,-1
253,21,1458.71,539.31,51.71,157.20,1,-1,-1,-1
253,102,932.70,532.84,20.50,63.65,1,-1,-1,-1
254,21,1466.64,528.14,56.92,173.00,1,-1,-1,-1
255,21,1476.25,534.75,53.93,163.93,1,-1,-1,-1
256,21,1486.06,539.82,50.32,152.94,1,-1,-1,-1
257,21,1493.67,535.03,53.83,163.59,1,-1,-1,-1
258,21,1503.66,533.35,55.06,167.32,1,-1,-1,-1
259,21,1507.32,532.72,55.53,168.73,1,-1,-1,-1
259,102,965.44,529.55,21.85,67.80,1,-1,-1,-1
260,21,1515.84,532.50,55.69,169.22,1,-1,-1,-1
260,102,969.78,529.33,21.99,68.23,1,-1,-1,-1
261,21,1526.34,532.44,55.74,169.35,1,-1,-1,-1
261,102,977.56,531.87,20.77,64.43,1,-1,-1,-1
262,21,1533.28,531.87,56.14,170.57,1,-1,-1,-1
262,102,982.60,532.40,20.52,63.64,1,-1,-1,-1
263,102,987.14,532.58,20.43,63.38,1,-1,-1,-1
264,102,991.22,529.52,22.47,69.67,1,-1,-1,-1
265,102,995.87,529.27,22.68,70.31,1,-1,-1,-1
266,107,1208.18,516.65,41.26,125.75,1,-1,-1,-1
267,102,1006.96,533.12,22.12,68.54,1,-1,-1,-1
267,107,1215.54,525.72,39.70,121.01,1,-1,-1,-1
268,102,1011.78,533.29,22.23,68.89,1,-1,-1,-1
268,107,1220.08,528.35,39.45,120.23,1,-1,-1,-1
271,109,1582.48,587.84,63.05,191.12,1,-1,-1,-1
272,109,1597.88,595.73,63.92,193.76,1,-1,-1,-1
273,109,1614.94,589.12,67.54,204.73,1,-1,-1,-1
274,109,1628.32,584.86,72.18,218.79,1,-1,-1,-1
275,109,1643.70,585.19,70.52,213.75,1,-1,-1,-1
276,109,1658.20,594.88,69.72,211.29,1,-1,-1,-1
277,109,1678.17,593.82,76.28,231.16,1,-1,-1,-1
278,109,1692.98,594.20,78.24,237.10,1,-1,-1,-1
280,109,1727.97,606.63,79.44,240.68,1,-1,-1,-1
281,109,1744.51,597.87,79.60,241.16,1,-1,-1,-1
282,109,1760.00,598.38,81.12,245.76,1,-1,-1,-1
283,21,1741.99,533.72,63.88,193.96,1,-1,-1,-1
284,21,1756.95,542.69,61.03,185.26,1,-1,-1,-1
284,109,1806.04,607.40,79.78,241.65,1,-1,-1,-1
285,21,1770.08,545.66,60.08,182.38,1,-1,-1,-1
285,109,1824.40,608.90,79.53,240.87,1,-1,-1,-1
285,115,1255.37,553.00,39.00,119.00,1,-1,-1,-1
286,21,1781.28,538.09,62.64,190.10,1,-1,-1,-1
286,109,1841.48,610.20,80.49,243.76,1,-1,-1,-1
286,115,1257.57,553.00,39.00,119.00,1,-1,-1,-1
287,21,1794.38,543.73,60.75,184.34,1,-1,-1,-1
287,115,1263.94,553.00,39.00,119.00,1,-1,-1,-1
287,117,31.07,601.05,41.87,127.76,1,-1,-1,-1
288,21,1806.77,537.32,62.88,190.80,1,-1,-1,-1
288,115,1269.50,550.67,41.02,125.16,1,-1,-1,-1
288,117,52.79,600.80,41.97,128.04,1,-1,-1,-1
289,21,1819.24,543.40,60.83,184.58,1,-1,-1,-1
289,115,1273.32,552.09,39.79,121.40,1,-1,-1,-1
289,117,39.71,606.50,39.91,121.75,1,-1,-1,-1
290,21,1827.34,534.80,66.01,200.23,1,-1,-1,-1
290,115,1279.99,552.67,39.29,119.88,1,-1,-1,-1
290,117,34.88,608.53,39.17,119.52,1,-1,-1,-1
291,21,1839.17,531.72,67.87,205.84,1,-1,-1,-1
291,115,1282.19,552.88,39.10,119.31,1,-1,-1,-1
291,117,36.69,608.11,43.10,131.49,1,-1,-1,-1
292,21,1856.18,541.22,65.59,198.93,1,-1,-1,-1
292,115,1288.22,552.96,39.04,119.10,1,-1,-1,-1
292,117,37.30,607.96,44.44,135.55,1,-1,-1,-1
293,21,1870.87,545.03,64.65,196.07,1,-1,-1,-1
293,115,1292.84,552.97,39.03,119.08,1,-1,-1,-1
293,117,39.68,614.16,41.05,125.21,1,-1,-1,-1
294,21,1882.86,545.66,64.94,196.95,1,-1,-1,-1
294,115,1296.08,557.22,41.25,125.84,1,-1,-1,-1
294,117,40.64,616.55,39.66,120.98,1,-1,-1,-1
295,115,1303.51,559.93,39.84,121.55,1,-1,-1,-1
295,117,40.97,617.34,39.17,119.49,1,-1,-1,-1
296,115,1308.31,560.73,39.92,121.78,1,-1,-1,-1
296,117,41.08,617.57,39.00,118.97,1,-1,-1,-1
296,124,1351.95,542.15,41.20,125.71,1,-1,-1,-1
297,117,51.33,611.20,42.89,130.82,1,-1,-1,-1
297,124,1344.90,542.37,42.11,128.49,1,-1,-1,-1
298,117,55.02,608.91,44.30,135.09,1,-1,-1,-1
299,117,46.56,614.14,41.04,125.16,1,-1,-1,-1
300,117,43.03,621.65,39.70,121.07,1,-1,-1,-1
301,117,43.68,619.85,41.12,125.39,1,-1,-1,-1
301,128,1406.60,552.16,39.73,121.23,1,-1,-1,-1
302,117,43.91,619.18,41.63,126.95,1,-1,-1,-1
302,128,1408.03,550.39,41.27,125.92,1,-1,-1,-1
303,117,42.09,623.27,39.96,121.87,1,-1,-1,-1
303,128,1411.27,550.03,41.58,126.86,1,-1,-1,-1
304,117,41.01,615.84,45.43,138.50,1,-1,-1,-1
305,117,38.94,622.23,45.30,138.10,1,-1,-1,-1
306,117,38.66,623.01,45.81,139.65,1,-1,-1,-1
306,131,1623.37,527.24,39.00,119.00,1,-1,-1,-1
307,117,58.79,636.99,40.73,124.17,1,-1,-1,-1
307,131,1631.68,529.19,39.00,119.00,1,-1,-1,-1
308,117,42.82,636.54,41.51,126.56,1,-1,-1,-1
308,131,1637.20,531.55,39.00,119.00,1,-1,-1,-1
309,117,57.42,640.09,39.89,121.61,1,-1,-1,-1
309,131,1648.09,529.71,39.00,119.00,1,-1,-1,-1
310,117,43.00,637.63,41.17,125.52,1,-1,-1,-1
310,131,1656.38,535.34,39.00,119.00,1,-1,-1,-1
311,117,37.78,636.71,41.64,126.94,1,-1,-1,-1
311,131,1663.40,537.58,39.00,119.00,1,-1,-1,-1
311,134,223.94,635.63,41.87,127.47,1,-1,-1,-1
312,117,35.80,636.30,41.81,127.47,1,-1,-1,-1
312,131,1672.53,533.97,41.29,125.98,1,-1,-1,-1
312,134,224.01,635.91,41.78,127.20,1,-1,-1,-1
313,117,30.66,635.83,43.88,133.75,1,-1,-1,-1
313,131,1679.87,535.32,41.64,127.03,1,-1,-1,-1
313,134,222.25,635.60,44.04,134.09,1,-1,-1,-1
314,117,29.09,636.65,44.20,134.72,1,-1,-1,-1
314,134,221.67,635.46,44.79,136.37,1,-1,-1,-1
315,117,29.88,632.77,47.31,144.18,1,-1,-1,-1
315,134,221.48,635.37,45.04,137.14,1,-1,-1,-1
316,115,1389.87,591.83,48.08,146.59,1,-1,-1,-1
316,117,47.12,648.72,42.11,128.36,1,-1,-1,-1
316,134,218.79,632.77,47.33,144.11,1,-1,-1,-1
317,115,1391.20,592.44,48.27,147.10,1,-1,-1,-1
317,117,53.99,654.95,40.03,122.01,1,-1,-1,-1
317,134,220.38,634.28,46.00,140.05,1,-1,-1,-1
318,115,1396.86,596.77,46.22,140.81,1,-1,-1,-1
318,117,37.13,648.45,43.27,131.89,1,-1,-1,-1
318,134,218.44,632.35,47.63,145.00,1,-1,-1,-1
319,115,1400.06,600.70,47.57,144.90,1,-1,-1,-1
319,117,25.31,646.19,44.41,135.33,1,-1,-1,-1
319,134,220.28,640.16,46.07,140.25,1,-1,-1,-1
319,137,50.01,656.25,39.61,120.59,1,-1,-1,-1
320,115,1404.03,602.66,47.84,145.72,1,-1,-1,-1
320,117,23.09,647.06,44.73,136.32,1,-1,-1,-1
320,134,221.04,643.21,45.43,138.29,1,-1,-1,-1
320,137,49.81,657.46,38.88,118.39,1,-1,-1,-1
320,138,1520.34,592.33,40.25,122.44,1,-1,-1,-1
321,117,19.74,645.11,44.94,136.95,1,-1,-1,-1
321,134,218.75,642.24,47.36,144.15,1,-1,-1,-1
321,137,45.74,654.36,40.89,124.50,1,-1,-1,-1
321,138,1525.90,590.18,43.65,132.79,1,-1,-1,-1
322,117,13.03,642.68,47.21,143.83,1,-1,-1,-1
322,134,214.29,637.39,50.34,153.22,1,-1,-1,-1
322,137,45.80,655.03,40.66,123.80,1,-1,-1,-1
322,138,1534.09,589.63,44.55,135.51,1,-1,-1,-1
323,117,10.66,641.82,48.02,146.26,1,-1,-1,-1
323,134,212.60,635.52,51.48,156.65,1,-1,-1,-1
323,137,41.77,656.78,39.30,119.67,1,-1,-1,-1
323,138,1536.73,589.38,44.88,136.53,1,-1,-1,-1
324,117,9.40,643.47,46.20,140.73,1,-1,-1,-1
324,134,215.55,632.81,49.64,151.05,1,-1,-1,-1
324,137,36.89,654.05,41.04,125.00,1,-1,-1,-1
324,138,1537.45,591.71,42.87,130.43,1,-1,-1,-1
325,117,9.50,642.07,47.62,145.03,1,-1,-1,-1
325,134,213.10,633.74,51.18,155.73,1,-1,-1,-1
325,137,35.41,654.29,40.98,124.82,1,-1,-1,-1
325,138,1545.52,592.07,46.56,141.64,1,-1,-1,-1
326,117,3.20,637.10,50.41,153.49,1,-1,-1,-1
326,134,212.21,634.09,51.75,157.42,1,-1,-1,-1
326,138,1552.68,596.40,45.65,138.90,1,-1,-1,-1
327,117,0.47,636.71,51.07,155.51,1,-1,-1,-1
327,134,212.02,634.70,47.54,144.64,1,-1,-1,-1
327,137,32.90,663.61,39.31,119.74,1,-1,-1,-1
327,138,1555.18,591.87,45.27,137.74,1,-1,-1,-1
328,115,1426.55,603.35,51.61,157.13,1,-1,-1,-1
328,134,204.73,634.46,50.41,153.35,1,-1,-1,-1
328,137,22.95,656.86,43.19,131.56,1,-1,-1,-1
328,138,1558.07,592.04,47.31,143.93,1,-1,-1,-1
329,115,1427.32,603.18,51.80,157.65,1,-1,-1,-1
329,134,202.18,634.38,51.41,156.39,1,-1,-1,-1
329,137,19.75,654.76,44.42,135.29,1,-1,-1,-1
329,138,1563.03,585.29,50.34,153.14,1,-1,-1,-1
330,115,1430.38,603.95,52.16,158.76,1,-1,-1,-1
330,134,194.36,634.35,51.79,157.52,1,-1,-1,-1
330,137,12.62,647.93,44.89,136.71,1,-1,-1,-1
330,138,1564.18,580.40,53.90,163.96,1,-1,-1,-1
331,115,1428.12,601.56,54.79,166.70,1,-1,-1,-1
331,134,191.41,634.34,51.92,157.90,1,-1,-1,-1
331,137,9.96,645.28,45.06,137.22,1,-1,-1,-1
331,138,1567.47,587.39,50.67,154.12,1,-1,-1,-1
331,141,1373.33,562.66,51.77,157.17,1,-1,-1,-1
331,142,1810.96,527.50,43.56,132.91,1,-1,-1,-1
332,115,1434.59,595.51,52.98,161.14,1,-1,-1,-1
332,134,184.48,627.05,54.41,165.44,1,-1,-1,-1
332,137,3.04,644.30,45.10,137.36,1,-1,-1,-1
332,138,1573.11,583.45,51.58,156.88,1,-1,-1,-1
332,141,1373.92,559.84,51.09,155.11,1,-1,-1,-1
332,142,1817.16,530.06,42.84,130.72,1,-1,-1,-1
333,115,1436.92,593.22,52.27,158.98,1,-1,-1,-1
333,134,187.70,624.67,52.92,160.92,1,-1,-1,-1
333,137,-0.43,643.36,45.45,138.40,1,-1,-1,-1
333,138,1574.91,579.68,54.35,165.28,1,-1,-1,-1
333,142,1819.25,525.18,42.39,129.33,1,-1,-1,-1
334,115,1439.79,592.82,52.51,159.71,1,-1,-1,-1
334,134,182.18,623.77,52.30,159.01,1,-1,-1,-1
334,138,1578.86,578.74,55.21,167.90,1,-1,-1,-1
334,142,1827.62,517.63,44.34,135.24,1,-1,-1,-1
335,115,1438.91,590.00,54.88,166.87,1,-1,-1,-1
335,134,180.18,623.47,52.05,158.24,1,-1,-1,-1
335,142,1830.43,515.08,45.00,137.24,1,-1,-1,-1
336,115,1441.39,589.36,55.34,168.27,1,-1,-1,-1
336,134,173.11,623.02,54.42,165.42,1,-1,-1,-1
336,142,1835.44,514.19,43.16,131.62,1,-1,-1,-1
337,134,169.98,630.07,52.87,160.71,1,-1,-1,-1
337,142,1845.44,514.20,44.48,135.63,1,-1,-1,-1
338,134,168.92,632.91,52.23,158.76,1,-1,-1,-1
338,141,1359.39,546.61,59.40,180.34,1,-1,-1,-1
338,142,1846.51,514.16,42.92,130.89,1,-1,-1,-1
339,115,1439.17,599.02,55.65,169.17,1,-1,-1,-1
339,134,161.64,633.97,51.98,158.00,1,-1,-1,-1
339,141,1360.96,554.76,54.77,166.29,1,-1,-1,-1
339,142,1849.06,514.42,44.34,135.20,1,-1,-1,-1
340,115,1443.03,596.50,58.42,177.55,1,-1,-1,-1
340,134,159.06,634.49,54.36,165.22,1,-1,-1,-1
340,141,1359.31,557.08,58.10,176.39,1,-1,-1,-1
340,142,1858.78,514.45,42.85,130.65,1,-1,-1,-1
340,145,1573.46,572.86,64.01,194.17,1,-1,-1,-1
341,115,1444.87,596.60,59.02,179.37,1,-1,-1,-1
341,134,150.82,634.68,55.25,167.89,1,-1,-1,-1
341,141,1358.40,563.02,56.67,172.03,1,-1,-1,-1
341,142,1865.61,514.69,44.29,135.01,1,-1,-1,-1
341,145,1572.76,573.22,64.80,196.58,1,-1,-1,-1
342,115,1444.67,604.81,59.56,180.96,1,-1,-1,-1
342,134,146.74,632.76,58.20,176.83,1,-1,-1,-1
342,141,1358.11,565.42,56.06,170.20,1,-1,-1,-1
342,142,1870.77,513.25,44.64,136.08,1,-1,-1,-1
343,115,1444.80,614.84,59.75,181.51,1,-1,-1,-1
343,134,146.70,647.40,54.33,165.06,1,-1,-1,-1
343,141,1358.05,573.82,55.82,169.47,1,-1,-1,-1
344,115,1444.56,613.47,62.64,190.23,1,-1,-1,-1
344,134,139.90,653.33,52.70,160.14,1,-1,-1,-1
344,141,1357.02,574.91,56.02,170.08,1,-1,-1,-1
345,115,1444.45,621.28,63.72,193.47,1,-1,-1,-1
345,134,134.99,655.64,57.29,174.06,1,-1,-1,-1
346,115,1444.35,624.30,64.12,194.64,1,-1,-1,-1
346,134,127.49,664.63,56.37,171.24,1,-1,-1,-1
347,115,1444.26,625.39,64.25,195.01,1,-1,-1,-1
347,134,117.26,668.13,55.96,169.99,1,-1,-1,-1
348,115,1444.43,638.03,61.46,186.54,1,-1,-1,-1
348,134,113.54,669.35,55.80,169.48,1,-1,-1,-1
349,115,1444.19,638.92,63.21,191.83,1,-1,-1,-1
349,134,112.32,669.71,55.72,169.25,1,-1,-1,-1
350,115,1452.23,643.02,61.04,185.23,1,-1,-1,-1
350,134,101.41,669.36,58.33,177.16,1,-1,-1,-1
351,115,1455.67,640.56,63.03,191.26,1,-1,-1,-1
351,134,97.43,669.18,59.31,180.10,1,-1,-1,-1
352,115,1456.90,648.08,63.76,193.45,1,-1,-1,-1
352,134,91.84,676.76,57.06,173.26,1,-1,-1,-1
353,115,1456.96,654.15,61.21,185.70,1,-1,-1,-1
353,134,86.21,679.77,58.82,178.59,1,-1,-1,-1
353,148,1588.97,613.67,68.68,208.18,1,-1,-1,-1
354,115,1457.24,661.69,63.07,191.34,1,-1,-1,-1
354,134,80.51,680.68,56.84,172.59,1,-1,-1,-1
354,148,1589.46,626.60,62.13,188.32,1,-1,-1,-1
355,115,1457.31,664.37,63.75,193.38,1,-1,-1,-1
355,134,82.06,692.79,53.55,162.61,1,-1,-1,-1
355,148,1589.58,640.39,59.87,181.48,1,-1,-1,-1
356,115,1452.71,659.91,67.03,203.29,1,-1,-1,-1
356,134,75.02,685.26,57.56,174.78,1,-1,-1,-1
356,141,1376.44,577.23,78.35,237.71,1,-1,-1,-1
356,148,1587.40,640.05,62.44,189.28,1,-1,-1,-1
357,115,1450.94,658.15,68.26,207.01,1,-1,-1,-1
357,134,64.69,682.63,58.97,179.04,1,-1,-1,-1
357,141,1379.04,591.47,72.83,220.91,1,-1,-1,-1
357,148,1585.18,652.17,54.86,166.33,1,-1,-1,-1
358,115,1450.22,657.34,68.72,208.38,1,-1,-1,-1
358,134,55.23,679.39,62.32,189.17,1,-1,-1,-1
358,141,1380.07,597.49,70.38,213.43,1,-1,-1,-1
358,148,1584.77,657.46,54.88,166.39,1,-1,-1,-1
359,115,1449.93,666.01,68.88,208.83,1,-1,-1,-1
359,134,49.49,680.20,60.83,184.63,1,-1,-1,-1
359,141,1379.48,607.50,66.40,201.34,1,-1,-1,-1
359,148,1587.90,666.56,57.73,175.05,1,-1,-1,-1
360,115,1449.80,669.27,68.91,208.92,1,-1,-1,-1
360,134,41.28,678.32,63.02,191.27,1,-1,-1,-1
360,141,1379.21,619.90,64.86,196.66,1,-1,-1,-1
360,148,1586.98,666.79,61.67,186.98,1,-1,-1,-1
360,152,95.79,676.52,51.80,157.53,1,-1,-1,-1
361,115,1449.43,672.51,72.15,218.71,1,-1,-1,-1
361,134,36.64,687.55,61.05,185.27,1,-1,-1,-1
361,141,1376.31,616.52,70.67,214.25,1,-1,-1,-1
361,148,1579.08,661.32,66.19,200.68,1,-1,-1,-1
361,152,87.43,676.39,51.91,157.87,1,-1,-1,-1
362,115,1458.55,680.58,70.17,212.69,1,-1,-1,-1
362,134,27.12,691.15,60.23,182.79,1,-1,-1,-1
362,141,1377.92,622.82,66.64,202.04,1,-1,-1,-1
362,148,1577.93,665.32,66.71,202.26,1,-1,-1,-1
362,152,80.99,678.75,54.64,166.17,1,-1,-1,-1
363,115,1462.17,683.64,69.33,210.14,1,-1,-1,-1
363,134,16.97,686.71,65.82,199.70,1,-1,-1,-1
363,141,1370.14,627.18,68.02,206.21,1,-1,-1,-1
363,152,75.26,684.64,52.96,161.05,1,-1,-1,-1
364,115,1463.44,686.91,69.76,211.44,1,-1,-1,-1
364,134,12.67,689.09,64.92,196.97,1,-1,-1,-1
364,141,1367.03,635.27,65.49,198.53,1,-1,-1,-1
364,148,1577.02,678.95,60.97,184.86,1,-1,-1,-1
364,152,70.15,686.07,53.45,162.53,1,-1,-1,-1
365,115,1463.79,695.81,68.96,209.01,1,-1,-1,-1
365,134,6.22,690.35,65.60,199.01,1,-1,-1,-1
365,141,1366.13,631.53,67.58,204.85,1,-1,-1,-1
365,148,1582.28,688.91,57.14,173.29,1,-1,-1,-1
365,152,58.99,690.46,55.20,167.84,1,-1,-1,-1
366,115,1459.62,692.45,75.77,229.60,1,-1,-1,-1
366,141,1365.81,639.22,68.35,207.15,1,-1,-1,-1
366,148,1581.98,694.09,56.57,171.55,1,-1,-1,-1
366,152,48.38,691.53,55.62,169.10,1,-1,-1,-1
367,115,1462.65,700.06,74.74,226.44,1,-1,-1,-1
367,141,1365.72,642.05,68.63,208.00,1,-1,-1,-1
367,152,41.64,693.31,56.27,171.07,1,-1,-1,-1
368,115,1459.28,704.51,77.73,235.48,1,-1,-1,-1
368,141,1351.94,632.01,75.48,228.71,1,-1,-1,-1
368,148,1575.89,686.34,66.80,202.54,1,-1,-1,-1
368,152,34.96,700.87,55.80,169.64,1,-1,-1,-1
369,115,1462.49,714.21,75.43,228.48,1,-1,-1,-1
369,141,1346.83,628.27,78.02,236.36,1,-1,-1,-1
369,148,1570.83,678.71,71.40,216.46,1,-1,-1,-1
369,152,28.23,703.37,56.32,171.19,1,-1,-1,-1
369,156,1324.61,645.90,55.59,168.91,1,-1,-1,-1
370,115,1463.74,717.86,74.46,225.53,1,-1,-1,-1
370,141,1354.14,638.17,75.60,229.02,1,-1,-1,-1
370,148,1569.49,680.74,72.52,219.84,1,-1,-1,-1
370,156,1322.92,644.26,58.73,178.43,1,-1,-1,-1
371,115,1463.84,724.18,70.80,214.46,1,-1,-1,-1
371,141,1357.19,642.05,74.57,225.88,1,-1,-1,-1
371,152,12.71,712.95,55.78,169.55,1,-1,-1,-1
371,156,1316.78,643.19,69.58,211.36,1,-1,-1,-1
372,115,1459.50,723.48,76.28,231.02,1,-1,-1,-1
372,141,1348.86,642.16,77.65,235.19,1,-1,-1,-1
372,152,5.76,715.93,56.13,170.60,1,-1,-1,-1
372,156,1314.21,642.60,73.46,223.17,1,-1,-1,-1
373,115,1457.96,723.24,78.23,236.90,1,-1,-1,-1
373,141,1355.13,643.41,75.36,228.23,1,-1,-1,-1
373,148,1568.58,688.70,78.45,237.77,1,-1,-1,-1
374,115,1457.34,722.98,78.97,239.14,1,-1,-1,-1
374,141,1348.15,642.51,77.91,235.94,1,-1,-1,-1
374,148,1567.49,690.88,79.78,241.79,1,-1,-1,-1
375,115,1458.16,722.89,82.95,251.13,1,-1,-1,-1
375,141,1352.54,638.56,82.55,249.94,1,-1,-1,-1
375,148,1556.14,689.94,79.40,240.57,1,-1,-1,-1
376,115,1458.47,722.79,84.44,255.63,1,-1,-1,-1
376,141,1347.39,640.53,80.66,244.22,1,-1,-1,-1
376,148,1553.43,689.95,79.46,240.72,1,-1,-1,-1
376,158,1458.25,575.80,41.26,125.75,1,-1,-1,-1
377,115,1458.59,722.64,84.99,257.27,1,-1,-1,-1
377,141,1346.03,641.76,81.54,246.89,1,-1,-1,-1
377,148,1542.03,689.94,79.48,240.73,1,-1,-1,-1
377,158,1457.36,576.64,39.70,121.01,1,-1,-1,-1
378,115,1457.58,732.73,81.47,246.58,1,-1,-1,-1
378,141,1344.95,641.46,79.75,241.42,1,-1,-1,-1
378,148,1537.76,689.87,79.45,240.63,1,-1,-1,-1
378,158,1457.21,576.78,39.45,120.23,1,-1,-1,-1
379,115,1454.56,723.81,87.86,265.89,1,-1,-1,-1
379,141,1343.61,642.54,80.37,243.31,1,-1,-1,-1
379,148,1536.23,689.79,79.41,240.48,1,-1,-1,-1
380,115,1453.46,720.59,90.18,272.87,1,-1,-1,-1
380,148,1535.76,689.71,79.37,240.33,1,-1,-1,-1
381,115,1455.58,731.60,83.46,252.52,1,-1,-1,-1
381,148,1535.68,689.63,79.33,240.18,1,-1,-1,-1
381,156,1303.83,635.58,85.56,259.76,1,-1,-1,-1
382,115,1446.09,736.86,84.48,255.59,1,-1,-1,-1
382,148,1535.75,689.56,79.29,240.04,1,-1,-1,-1
382,156,1303.84,635.32,85.35,258.99,1,-1,-1,-1
383,115,1442.69,738.71,84.83,256.66,1,-1,-1,-1
383,148,1525.34,689.49,79.26,239.92,1,-1,-1,-1
383,156,1303.73,635.21,85.45,259.20,1,-1,-1,-1
384,115,1441.44,739.33,84.95,257.00,1,-1,-1,-1
384,148,1532.00,689.43,79.23,239.82,1,-1,-1,-1
384,156,1288.66,619.47,93.78,284.31,1,-1,-1,-1
384,162,1391.51,563.25,46.89,142.76,1,-1,-1,-1
385,115,1436.49,738.01,88.99,269.20,1,-1,-1,-1
385,148,1528.20,688.03,82.95,251.07,1,-1,-1,-1
385,156,1292.51,632.73,78.72,238.64,1,-1,-1,-1
385,162,1388.61,561.41,45.91,139.76,1,-1,-1,-1
386,115,1438.77,748.35,82.87,250.67,1,-1,-1,-1
386,148,1526.81,687.49,84.34,255.25,1,-1,-1,-1
386,156,1286.55,639.63,75.31,228.28,1,-1,-1,-1
386,162,1388.85,564.89,43.16,131.40,1,-1,-1,-1
387,115,1435.55,741.04,88.28,267.03,1,-1,-1,-1
387,148,1522.31,688.60,81.15,245.58,1,-1,-1,-1
387,156,1273.92,630.32,85.85,260.13,1,-1,-1,-1
387,162,1381.37,562.29,44.41,135.22,1,-1,-1,-1
388,115,1427.73,750.98,86.25,260.87,1,-1,-1,-1
388,148,1513.44,687.64,83.64,253.10,1,-1,-1,-1
388,156,1269.88,629.27,87.40,264.84,1,-1,-1,-1
388,162,1380.37,565.18,42.71,130.04,1,-1,-1,-1
389,115,1421.44,750.87,93.77,283.58,1,-1,-1,-1
389,148,1510.42,687.93,84.30,255.08,1,-1,-1,-1
389,162,1377.13,567.78,40.09,122.07,1,-1,-1,-1
389,165,1225.22,642.67,72.57,219.69,1,-1,-1,-1
390,115,1417.15,754.02,92.35,279.26,1,-1,-1,-1
390,148,1480.91,713.47,80.35,243.15,1,-1,-1,-1
390,162,1370.50,568.71,39.17,119.31,1,-1,-1,-1
390,165,1218.32,641.46,77.57,234.81,1,-1,-1,-1
391,115,1415.57,755.16,91.70,277.28,1,-1,-1,-1
391,148,1473.71,719.51,79.48,240.49,1,-1,-1,-1
391,162,1365.09,567.56,40.85,124.43,1,-1,-1,-1
391,165,1204.77,641.05,79.21,239.78,1,-1,-1,-1
392,115,1409.15,756.16,87.41,264.29,1,-1,-1,-1
392,148,1460.63,721.56,79.18,239.58,1,-1,-1,-1
392,162,1361.14,563.57,43.49,132.45,1,-1,-1,-1
392,165,1200.10,640.91,79.67,241.17,1,-1,-1,-1
393,115,1401.77,752.42,94.18,284.76,1,-1,-1,-1
393,148,1453.97,724.60,79.21,239.68,1,-1,-1,-1
393,162,1357.26,563.07,43.61,132.83,1,-1,-1,-1
393,165,1187.75,640.88,79.73,241.34,1,-1,-1,-1
394,115,1397.96,766.10,92.40,279.37,1,-1,-1,-1
394,162,1345.05,561.78,44.67,136.04,1,-1,-1,-1
394,165,1180.37,652.35,76.06,230.23,1,-1,-1,-1
395,115,1384.88,769.08,95.94,290.04,1,-1,-1,-1
395,162,1338.02,566.44,40.98,124.82,1,-1,-1,-1
395,165,1172.95,653.99,76.69,232.12,1,-1,-1,-1
396,115,1380.07,770.14,97.25,293.97,1,-1,-1,-1
396,148,1411.83,722.43,79.03,239.11,1,-1,-1,-1
396,162,1331.35,563.67,45.85,139.65,1,-1,-1,-1
397,115,1365.56,770.44,97.73,295.39,1,-1,-1,-1
397,148,1403.01,724.38,79.03,239.13,1,-1,-1,-1
397,162,1323.07,560.13,43.47,132.40,1,-1,-1,-1
397,165,1153.71,657.04,78.82,238.58,1,-1,-1,-1
398,115,1360.14,770.46,97.87,295.81,1,-1,-1,-1
398,162,1314.40,558.69,42.45,129.30,1,-1,-1,-1
398,165,1136.89,654.53,83.06,251.38,1,-1,-1,-1
399,115,1345.38,770.38,97.90,295.86,1,-1,-1,-1
399,162,1306.12,565.33,40.17,122.39,1,-1,-1,-1
399,165,1123.39,656.53,80.80,244.54,1,-1,-1,-1
400,115,1338.87,772.26,98.70,298.28,1,-1,-1,-1
400,162,1297.91,567.85,39.32,119.81,1,-1,-1,-1
400,165,1115.03,654.35,83.64,253.09,1,-1,-1,-1
400,171,1704.86,587.84,63.05,191.12,1,-1,-1,-1
401,162,1289.77,568.75,39.02,118.92,1,-1,-1,-1
401,165,1105.60,655.17,84.64,256.14,1,-1,-1,-1
401,171,1700.58,586.09,67.39,204.29,1,-1,-1,-1
402,115,1305.15,786.83,97.91,295.88,1,-1,-1,-1
402,162,1274.30,561.89,40.83,124.41,1,-1,-1,-1
402,171,1689.43,585.58,68.82,208.61,1,-1,-1,-1
403,115,1299.71,789.18,97.78,295.46,1,-1,-1,-1
403,162,1265.51,561.15,39.63,120.78,1,-1,-1,-1
403,165,1084.85,635.53,95.58,289.18,1,-1,-1,-1
403,171,1683.69,584.28,70.65,214.16,1,-1,-1,-1
404,115,1291.55,792.03,98.28,296.98,1,-1,-1,-1
404,162,1257.19,560.88,39.17,119.38,1,-1,-1,-1
404,165,1076.90,648.06,101.95,308.40,1,-1,-1,-1
405,162,1245.94,559.01,40.89,124.64,1,-1,-1,-1
405,165,1065.74,649.94,99.89,302.12,1,-1,-1,-1
405,172,1428.56,550.49,51.03,155.05,1,-1,-1,-1
406,162,1234.58,560.09,39.68,120.95,1,-1,-1,-1
406,165,1048.94,650.71,98.94,299.19,1,-1,-1,-1
406,172,1420.12,551.94,49.10,149.22,1,-1,-1,-1
407,162,1219.94,560.55,39.20,119.51,1,-1,-1,-1
407,165,1033.18,658.56,94.25,284.98,1,-1,-1,-1
407,172,1406.27,546.08,53.84,163.61,1,-1,-1,-1
408,162,1209.52,560.74,39.03,118.99,1,-1,-1,-1
408,165,1015.45,661.59,92.35,279.23,1,-1,-1,-1
408,172,1395.35,548.25,52.78,160.37,1,-1,-1,-1
409,162,1195.35,560.82,38.97,118.82,1,-1,-1,-1
409,165,992.04,654.99,95.95,290.10,1,-1,-1,-1
409,172,1382.77,545.12,54.89,166.78,1,-1,-1,-1
410,162,1179.79,560.86,38.95,118.77,1,-1,-1,-1
410,165,964.63,660.07,93.02,281.22,1,-1,-1,-1
410,172,1372.88,543.96,55.81,169.58,1,-1,-1,-1
411,162,1169.04,560.88,38.95,118.77,1,-1,-1,-1
411,165,936.81,657.30,100.82,304.74,1,-1,-1,-1
412,162,1154.80,560.90,38.95,118.79,1,-1,-1,-1
412,165,912.15,666.04,99.16,299.73,1,-1,-1,-1
412,172,1350.69,550.98,49.64,150.85,1,-1,-1,-1
413,162,1139.27,560.91,38.96,118.81,1,-1,-1,-1
413,165,890.19,669.56,98.41,297.43,1,-1,-1,-1
413,172,1340.49,550.99,49.56,150.59,1,-1,-1,-1
414,162,1128.55,560.92,38.96,118.83,1,-1,-1,-1
414,165,867.60,677.61,93.78,283.43,1,-1,-1,-1
414,172,1322.24,550.11,51.37,156.10,1,-1,-1,-1
415,162,1114.37,560.93,38.97,118.85,1,-1,-1,-1
415,165,835.44,673.73,96.34,291.16,1,-1,-1,-1
415,172,1311.00,550.01,51.53,156.58,1,-1,-1,-1
416,162,1098.89,560.94,38.97,118.87,1,-1,-1,-1
416,165,811.20,672.29,97.27,293.94,1,-1,-1,-1
417,162,1082.92,560.95,38.98,118.89,1,-1,-1,-1
417,165,789.74,671.68,97.60,294.93,1,-1,-1,-1
418,162,1070.31,560.86,38.91,118.70,1,-1,-1,-1
418,165,769.38,671.40,97.71,295.24,1,-1,-1,-1
419,162,1047.84,546.67,46.09,140.55,1,-1,-1,-1
419,165,749.45,671.26,97.73,295.29,1,-1,-1,-1
420,162,1031.48,548.04,43.67,133.15,1,-1,-1,-1
420,165,716.70,684.15,97.72,295.24,1,-1,-1,-1
421,162,1014.43,548.72,42.61,129.93,1,-1,-1,-1
421,165,682.97,679.87,102.33,309.15,1,-1,-1,-1
422,162,995.45,551.17,40.34,123.00,1,-1,-1,-1
422,165,654.26,687.19,99.49,300.59,1,-1,-1,-1
423,162,976.98,545.56,43.40,132.32,1,-1,-1,-1
423,165,618.14,690.02,98.32,297.04,1,-1,-1,-1
424,162,956.00,547.80,42.53,129.67,1,-1,-1,-1
424,165,579.39,691.00,97.87,295.66,1,-1,-1,-1
425,162,937.19,543.11,42.17,128.55,1,-1,-1,-1
425,165,550.86,700.31,89.31,269.82,1,-1,-1,-1
426,162,919.37,547.05,42.02,128.10,1,-1,-1,-1
426,165,506.86,687.13,104.65,316.16,1,-1,-1,-1
427,162,899.07,550.72,40.09,122.23,1,-1,-1,-1
427,165,470.21,694.08,105.01,317.22,1,-1,-1,-1
428,162,877.81,549.98,41.25,125.75,1,-1,-1,-1
428,165,422.93,685.47,115.22,348.01,1,-1,-1,-1
429,162,858.23,551.85,39.81,121.37,1,-1,-1,-1
429,165,387.90,696.35,113.98,344.23,1,-1,-1,-1
430,162,826.78,548.46,55.76,169.90,1,-1,-1,-1
430,165,344.94,711.42,108.46,327.55,1,-1,-1,-1
431,162,808.44,555.60,46.71,142.35,1,-1,-1,-1
431,165,301.79,711.47,101.55,306.70,1,-1,-1,-1
432,162,789.41,555.73,47.61,145.10,1,-1,-1,-1
432,165,258.84,717.20,103.65,313.02,1,-1,-1,-1
433,165,224.10,719.98,104.12,314.45,1,-1,-1,-1
434,191,1483.17,586.01,68.64,207.93,1,-1,-1,-1
435,162,722.43,560.38,40.48,123.40,1,-1,-1,-1
435,191,1459.55,595.79,65.12,197.25,1,-1,-1,-1
436,162,702.57,560.87,40.56,123.62,1,-1,-1,-1
436,191,1436.07,587.08,71.25,215.81,1,-1,-1,-1
437,191,1410.62,595.94,69.72,211.20,1,-1,-1,-1
438,162,653.96,558.78,41.72,127.15,1,-1,-1,-1
438,191,1389.62,598.05,72.54,219.73,1,-1,-1,-1
439,162,633.14,558.94,41.90,127.70,1,-1,-1,-1
439,191,1366.97,599.95,70.18,212.58,1,-1,-1,-1
440,191,1340.66,600.55,69.23,209.69,1,-1,-1,-1
440,195,1163.73,661.69,65.17,197.56,1,-1,-1,-1
441,191,1313.05,600.69,68.87,208.61,1,-1,-1,-1
441,195,1139.13,658.96,71.51,216.76,1,-1,-1,-1
442,191,1285.08,600.67,68.73,208.20,1,-1,-1,-1
442,195,1117.39,666.34,70.00,212.18,1,-1,-1,-1
443,162,534.07,566.28,41.93,127.81,1,-1,-1,-1
443,191,1256.95,600.61,68.68,208.04,1,-1,-1,-1
443,195,1086.59,657.11,80.60,244.28,1,-1,-1,-1
444,162,508.39,566.95,41.92,127.78,1,-1,-1,-1
444,191,1228.77,600.53,68.66,207.98,1,-1,-1,-1
444,195,1060.11,667.19,80.54,244.06,1,-1,-1,-1
445,162,482.70,567.17,41.92,127.77,1,-1,-1,-1
445,191,1198.30,599.26,71.96,217.96,1,-1,-1,-1
445,195,1029.50,671.42,80.28,243.25,1,-1,-1,-1
446,162,456.89,567.23,41.92,127.76,1,-1,-1,-1
446,191,1170.43,595.41,76.65,232.13,1,-1,-1,-1
446,195,1002.99,672.84,76.54,231.89,1,-1,-1,-1
447,162,431.03,567.23,41.91,127.75,1,-1,-1,-1
447,191,1148.50,597.22,75.02,227.19,1,-1,-1,-1
447,195,977.85,673.44,78.57,238.01,1,-1,-1,-1
448,162,399.99,563.67,43.92,133.83,1,-1,-1,-1
448,191,1121.54,597.94,74.31,225.05,1,-1,-1,-1
448,195,948.15,673.63,79.28,240.14,1,-1,-1,-1
449,162,371.76,565.80,42.69,130.10,1,-1,-1,-1
449,191,1091.47,594.81,77.53,234.76,1,-1,-1,-1
449,195,916.67,673.64,79.49,240.77,1,-1,-1,-1
450,162,343.01,563.09,44.21,134.70,1,-1,-1,-1
450,191,1065.60,594.81,78.32,237.15,1,-1,-1,-1
450,195,884.56,684.14,79.53,240.85,1,-1,-1,-1
451,162,318.07,565.57,42.79,130.38,1,-1,-1,-1
451,195,858.47,686.74,83.25,252.09,1,-1,-1,-1
452,162,288.23,562.99,44.23,134.78,1,-1,-1,-1
452,195,827.06,687.66,84.63,256.23,1,-1,-1,-1
453,162,259.72,565.52,42.78,130.36,1,-1,-1,-1
453,195,794.52,684.09,89.09,269.69,1,-1,-1,-1
454,162,225.62,562.96,44.22,134.74,1,-1,-1,-1
454,195,755.95,688.70,94.96,287.42,1,-1,-1,-1
455,162,198.72,562.87,44.44,135.40,1,-1,-1,-1
455,195,716.55,690.47,97.23,294.22,1,-1,-1,-1
455,200,1693.46,761.19,165.20,497.97,1,-1,-1,-1
456,195,683.25,696.85,93.87,284.02,1,-1,-1,-1
456,200,1667.56,743.42,163.23,492.01,1,-1,-1,-1
457,195,641.00,684.33,101.31,306.48,1,-1,-1,-1
457,200,1636.66,736.85,161.62,487.15,1,-1,-1,-1
458,195,604.44,697.14,91.59,277.06,1,-1,-1,-1
458,200,1604.48,734.93,160.78,484.59,1,-1,-1,-1
459,195,559.28,693.26,95.83,289.84,1,-1,-1,-1
459,200,1572.04,734.57,160.31,483.18,1,-1,-1,-1
460,195,514.33,696.60,101.87,308.07,1,-1,-1,-1
460,200,1545.13,729.75,162.40,489.47,1,-1,-1,-1
461,195,476.12,705.79,99.70,301.46,1,-1,-1,-1
462,195,419.84,719.21,108.23,327.21,1,-1,-1,-1
462,200,1475.55,762.27,159.98,482.17,1,-1,-1,-1
463,195,381.83,733.56,106.64,322.34,1,-1,-1,-1
463,200,1437.86,772.97,152.16,458.59,1,-1,-1,-1
464,195,345.00,737.97,108.47,327.89,1,-1,-1,-1
464,200,1405.40,776.54,149.52,450.61,1,-1,-1,-1
465,200,1368.90,799.12,141.84,427.47,1,-1,-1,-1
466,200,1337.68,804.03,140.54,423.57,1,-1,-1,-1
468,195,108.49,753.09,119.61,361.45,1,-1,-1,-1
469,195,64.41,757.30,121.75,367.92,1,-1,-1,-1
470,215,297.35,672.17,80.47,243.45,1,-1,-1,-1
471,215,249.55,670.42,83.58,252.85,1,-1,-1,-1
472,215,212.18,672.19,80.44,243.34,1,-1,-1,-1
473,215,180.93,672.42,80.04,242.14,1,-1,-1,-1
474,215,117.43,664.24,89.03,269.32,1,-1,-1,-1
475,215,76.33,662.72,90.69,274.32,1,-1,-1,-1
476,215,26.62,667.59,95.62,289.20,1,-1,-1,-1
476,216,148.62,693.53,94.81,286.51,1,-1,-1,-1
477,215,-13.00,667.06,97.54,295.00,1,-1,-1,-1
477,216,125.54,693.05,98.02,296.21,1,-1,-1,-1
485,218,1724.47,652.38,87.95,265.78,1,-1,-1,-1
486,218,1707.39,654.11,85.32,257.84,1,-1,-1,-1
513,245,1619.64,661.69,65.17,197.56,1,-1,-1,-1
514,245,1580.42,673.57,64.13,194.39,1,-1,-1,-1
514,247,333.44,741.70,112.33,339.26,1,-1,-1,-1
515,245,1539.20,671.80,67.27,203.92,1,-1,-1,-1
515,247,329.19,747.23,115.03,347.42,1,-1,-1,-1
516,245,1506.35,678.44,62.05,188.09,1,-1,-1,-1
517,245,1477.30,673.07,66.54,201.69,1,-1,-1,-1
518,245,1444.96,676.19,64.88,196.66,1,-1,-1,-1
519,245,1410.07,672.32,67.40,204.28,1,-1,-1,-1
519,256,1344.95,675.20,65.04,197.02,1,-1,-1,-1
520,245,1379.32,673.48,67.69,205.18,1,-1,-1,-1
520,256,1303.93,671.29,67.55,204.61,1,-1,-1,-1
520,258,1754.51,736.17,90.90,274.69,1,-1,-1,-1
521,245,1341.50,686.58,64.83,196.51,1,-1,-1,-1
521,256,1275.86,677.71,61.81,187.24,1,-1,-1,-1
521,258,1719.83,731.34,95.89,289.79,1,-1,-1,-1
522,245,1310.18,685.27,67.42,204.35,1,-1,-1,-1
522,256,1239.50,677.49,63.04,190.98,1,-1,-1,-1
522,258,1692.96,734.33,92.80,280.45,1,-1,-1,-1
523,245,1281.18,684.84,68.29,206.96,1,-1,-1,-1
523,256,1201.07,677.39,63.45,192.23,1,-1,-1,-1
523,258,1658.74,735.53,91.56,276.68,1,-1,-1,-1
524,245,1249.04,688.74,65.56,198.70,1,-1,-1,-1
524,256,1161.42,672.29,66.85,202.51,1,-1,-1,-1
524,258,1621.34,747.81,82.79,250.22,1,-1,-1,-1
525,245,1214.40,685.91,67.60,204.87,1,-1,-1,-1
525,256,1129.39,670.46,68.07,206.22,1,-1,-1,-1
525,258,1584.57,740.05,88.19,266.52,1,-1,-1,-1
526,245,1181.19,677.80,71.59,216.95,1,-1,-1,-1
526,256,1093.11,671.90,71.84,217.63,1,-1,-1,-1
526,258,1556.20,719.98,94.34,285.09,1,-1,-1,-1
527,245,1150.08,674.70,73.10,221.50,1,-1,-1,-1
527,256,1069.09,679.45,70.00,212.07,1,-1,-1,-1
527,258,1526.35,717.53,92.32,279.01,1,-1,-1,-1
528,245,1116.33,689.48,70.45,213.47,1,-1,-1,-1
528,256,1033.72,682.44,69.23,209.73,1,-1,-1,-1
528,258,1497.51,711.62,95.89,289.76,1,-1,-1,-1
529,245,1086.36,695.28,69.37,210.18,1,-1,-1,-1
529,256,1003.24,683.52,68.93,208.81,1,-1,-1,-1
529,258,1461.75,709.52,97.18,293.66,1,-1,-1,-1
530,245,1045.59,691.78,75.77,229.54,1,-1,-1,-1
530,256,971.45,686.67,72.10,218.41,1,-1,-1,-1
530,258,1436.31,721.82,97.65,295.06,1,-1,-1,-1
531,245,1010.40,690.51,78.10,236.57,1,-1,-1,-1
531,256,945.24,694.15,70.05,212.18,1,-1,-1,-1
531,258,1400.69,730.81,93.48,282.47,1,-1,-1,-1
532,245,983.11,698.72,75.58,228.92,1,-1,-1,-1
532,256,908.99,697.02,69.20,209.62,1,-1,-1,-1
532,258,1376.66,730.10,96.23,290.76,1,-1,-1,-1
533,245,946.94,703.47,78.02,236.29,1,-1,-1,-1
533,256,878.12,707.27,68.88,208.64,1,-1,-1,-1
533,258,1342.66,729.84,97.22,293.74,1,-1,-1,-1
534,245,913.40,705.20,78.92,238.98,1,-1,-1,-1
534,256,846.57,710.32,68.97,208.91,1,-1,-1,-1
534,258,1320.18,733.92,93.27,281.83,1,-1,-1,-1
535,245,877.32,705.19,82.94,251.13,1,-1,-1,-1
535,247,1075.98,570.68,40.07,121.27,1,-1,-1,-1
535,256,810.21,711.81,68.73,208.20,1,-1,-1,-1
535,258,1289.45,723.87,100.82,304.60,1,-1,-1,-1
536,245,842.31,705.15,84.46,255.70,1,-1,-1,-1
536,247,1066.52,568.77,39.17,118.72,1,-1,-1,-1
536,256,778.14,714.68,68.79,208.37,1,-1,-1,-1
536,258,1261.04,727.37,99.00,299.09,1,-1,-1,-1
537,245,809.45,702.04,88.96,269.27,1,-1,-1,-1
537,247,1095.31,561.59,36.15,109.56,1,-1,-1,-1
537,256,740.06,706.93,81.28,246.15,1,-1,-1,-1
537,258,1227.58,721.57,102.84,310.69,1,-1,-1,-1
538,245,773.94,714.72,86.77,262.63,1,-1,-1,-1
538,256,707.35,708.68,82.65,250.31,1,-1,-1,-1
538,258,1202.05,719.41,104.26,314.97,1,-1,-1,-1
539,245,739.10,719.76,85.81,259.69,1,-1,-1,-1
539,256,658.10,705.64,84.48,255.80,1,-1,-1,-1
539,258,1179.30,725.80,100.21,302.71,1,-1,-1,-1
539,275,1005.54,576.75,39.73,121.23,1,-1,-1,-1
540,245,704.56,721.60,85.41,258.45,1,-1,-1,-1
540,256,624.66,716.20,81.32,246.22,1,-1,-1,-1
540,258,1144.27,721.02,103.24,311.85,1,-1,-1,-1
540,275,981.28,577.32,39.09,119.27,1,-1,-1,-1
541,245,670.16,733.45,85.23,257.88,1,-1,-1,-1
541,256,590.57,718.34,82.33,249.28,1,-1,-1,-1
541,258,1111.51,723.37,109.25,329.98,1,-1,-1,-1
541,275,962.42,577.41,38.91,118.73,1,-1,-1,-1
542,245,639.40,747.46,81.38,246.25,1,-1,-1,-1
542,258,1079.15,733.80,106.69,322.24,1,-1,-1,-1
542,275,939.66,577.38,38.87,118.61,1,-1,-1,-1
543,245,607.01,741.41,87.77,265.54,1,-1,-1,-1
543,258,1059.36,744.35,100.97,304.95,1,-1,-1,-1
543,275,921.35,577.33,38.88,118.62,1,-1,-1,-1
544,245,571.81,751.05,90.06,272.44,1,-1,-1,-1
544,258,1040.17,761.56,98.73,298.18,1,-1,-1,-1
544,275,902.04,582.15,40.85,124.62,1,-1,-1,-1
545,245,545.70,755.37,86.98,263.10,1,-1,-1,-1
545,256,432.20,752.68,84.82,256.76,1,-1,-1,-1
545,258,1013.69,762.30,102.60,309.87,1,-1,-1,-1
545,275,882.03,579.14,39.66,121.02,1,-1,-1,-1
546,245,502.55,756.19,89.75,271.45,1,-1,-1,-1
546,256,388.57,765.20,81.08,245.43,1,-1,-1,-1
546,258,985.92,767.87,99.42,300.26,1,-1,-1,-1
546,275,864.61,577.89,39.20,119.60,1,-1,-1,-1
547,245,468.65,759.90,90.63,274.12,1,-1,-1,-1
547,256,350.81,759.73,87.73,265.49,1,-1,-1,-1
547,258,960.01,791.07,85.88,259.41,1,-1,-1,-1
547,275,842.77,577.42,39.03,119.09,1,-1,-1,-1
548,245,409.75,745.41,101.41,306.67,1,-1,-1,-1
548,256,314.06,763.65,88.83,268.83,1,-1,-1,-1
548,258,928.49,777.33,93.60,282.75,1,-1,-1,-1
548,275,824.14,576.20,40.88,124.70,1,-1,-1,-1
549,245,366.81,747.56,108.83,329.04,1,-1,-1,-1
549,258,904.80,773.08,96.04,290.10,1,-1,-1,-1
549,275,806.47,575.74,41.55,126.76,1,-1,-1,-1
550,245,335.53,756.77,106.93,323.26,1,-1,-1,-1
550,258,879.69,792.15,84.93,256.57,1,-1,-1,-1
550,275,783.56,575.57,41.81,127.53,1,-1,-1,-1
551,245,297.40,765.73,101.48,306.76,1,-1,-1,-1
551,258,847.62,757.05,98.17,296.55,1,-1,-1,-1
551,275,764.26,575.50,41.90,127.81,1,-1,-1,-1
552,245,258.35,769.10,99.26,300.02,1,-1,-1,-1
552,258,822.71,759.26,102.41,309.36,1,-1,-1,-1
552,275,746.36,575.47,41.93,127.88,1,-1,-1,-1
553,245,219.00,783.26,98.40,297.39,1,-1,-1,-1
553,258,791.15,765.48,99.59,300.84,1,-1,-1,-1
553,275,729.01,575.46,41.94,127.89,1,-1,-1,-1
554,245,179.52,788.45,98.04,296.30,1,-1,-1,-1
554,258,761.79,762.60,103.05,311.26,1,-1,-1,-1
554,275,711.85,575.46,41.93,127.87,1,-1,-1,-1
555,245,142.15,792.82,98.73,298.38,1,-1,-1,-1
555,258,743.98,766.84,99.76,301.32,1,-1,-1,-1
555,275,694.75,575.46,41.93,127.85,1,-1,-1,-1
556,258,718.19,763.09,103.07,311.32,1,-1,-1,-1
556,275,673.39,572.35,43.92,133.91,1,-1,-1,-1
557,245,29.35,820.74,103.78,313.59,1,-1,-1,-1
557,258,695.46,761.70,104.29,314.98,1,-1,-1,-1
557,275,658.90,574.25,42.70,130.18,1,-1,-1,-1
557,280,731.72,516.36,37.84,115.35,1,-1,-1,-1
558,245,-11.80,827.02,104.83,316.76,1,-1,-1,-1
558,258,670.13,766.52,100.14,302.45,1,-1,-1,-1
558,275,636.96,571.89,44.21,134.77,1,-1,-1,-1
558,280,715.59,512.98,39.02,118.93,1,-1,-1,-1
559,258,648.61,768.41,98.48,297.45,1,-1,-1,-1
559,275,623.25,571.02,44.77,136.45,1,-1,-1,-1
559,280,703.98,509.55,40.15,122.38,1,-1,-1,-1
560,258,615.37,782.20,97.86,295.56,1,-1,-1,-1
560,275,602.97,571.68,47.10,143.52,1,-1,-1,-1
560,280,682.84,490.90,44.33,135.11,1,-1,-1,-1
561,258,589.13,759.94,107.29,324.02,1,-1,-1,-1
561,275,587.52,570.97,45.88,139.81,1,-1,-1,-1
561,280,672.36,518.33,34.83,106.22,1,-1,-1,-1
562,258,560.17,755.09,115.88,349.94,1,-1,-1,-1
562,275,571.31,571.70,47.51,144.76,1,-1,-1,-1
562,280,657.54,514.13,37.93,115.66,1,-1,-1,-1
563,258,534.12,753.18,119.27,360.12,1,-1,-1,-1
563,275,552.75,576.95,46.01,140.16,1,-1,-1,-1
563,280,642.01,512.88,38.81,118.35,1,-1,-1,-1
564,258,509.25,752.47,120.56,363.99,1,-1,-1,-1
564,275,539.00,581.75,43.38,132.16,1,-1,-1,-1
564,280,628.20,511.44,39.33,119.92,1,-1,-1,-1
565,258,478.49,763.54,115.79,349.56,1,-1,-1,-1
565,275,522.53,582.24,46.61,141.98,1,-1,-1,-1
566,258,452.86,767.97,113.81,343.58,1,-1,-1,-1
566,275,503.97,582.41,47.75,145.43,1,-1,-1,-1
567,258,433.63,774.06,118.35,357.26,1,-1,-1,-1
567,275,487.49,581.05,46.08,140.32,1,-1,-1,-1
568,258,411.28,776.31,120.02,362.28,1,-1,-1,-1
568,275,469.81,586.57,45.39,138.24,1,-1,-1,-1
569,258,385.65,787.50,115.37,348.24,1,-1,-1,-1
569,275,453.50,583.95,47.29,144.01,1,-1,-1,-1
570,258,362.01,791.82,113.48,342.51,1,-1,-1,-1
570,275,434.66,582.62,50.26,153.01,1,-1,-1,-1
571,258,323.11,798.88,118.11,356.46,1,-1,-1,-1
571,275,421.09,582.10,51.40,156.44,1,-1,-1,-1
572,258,296.17,801.71,119.06,359.36,1,-1,-1,-1
572,275,402.81,581.88,51.83,157.73,1,-1,-1,-1
573,275,382.65,581.78,51.97,158.15,1,-1,-1,-1
574,275,368.63,588.61,52.01,158.24,1,-1,-1,-1
575,275,354.16,591.10,49.73,151.28,1,-1,-1,-1
576,275,338.30,592.14,51.14,155.57,1,-1,-1,-1
577,275,319.11,590.65,54.10,164.54,1,-1,-1,-1
578,275,305.34,591.88,52.81,160.62,1,-1,-1,-1
579,275,285.50,590.47,54.73,166.41,1,-1,-1,-1
580,275,271.13,589.92,55.44,168.54,1,-1,-1,-1
581,275,251.48,589.69,55.69,169.30,1,-1,-1,-1
582,275,237.17,589.58,55.77,169.52,1,-1,-1,-1
583,275,224.91,596.93,55.79,169.54,1,-1,-1,-1
584,275,207.67,596.14,58.41,177.47,1,-1,-1,-1
585,275,193.71,595.82,59.39,180.42,1,-1,-1,-1
586,275,181.03,595.66,59.75,181.50,1,-1,-1,-1
587,275,168.80,606.49,57.25,173.90,1,-1,-1,-1
587,284,1774.23,592.14,51.78,157.34,1,-1,-1,-1
588,275,149.85,610.67,56.24,170.82,1,-1,-1,-1
588,284,1771.65,585.19,57.70,175.31,1,-1,-1,-1
589,275,134.28,609.08,58.52,177.73,1,-1,-1,-1
589,284,1768.85,575.85,62.60,190.18,1,-1,-1,-1
590,275,120.96,608.46,59.36,180.26,1,-1,-1,-1
590,284,1769.83,571.16,61.46,186.72,1,-1,-1,-1
591,275,105.16,602.62,62.48,189.71,1,-1,-1,-1
591,284,1762.07,569.63,60.80,184.69,1,-1,-1,-1
592,275,91.15,608.73,63.66,193.26,1,-1,-1,-1
592,284,1763.80,574.07,57.74,175.40,1,-1,-1,-1
593,275,77.86,611.12,64.10,194.56,1,-1,-1,-1
593,284,1768.40,571.10,59.26,179.98,1,-1,-1,-1
594,275,58.83,604.28,67.25,204.07,1,-1,-1,-1
594,284,1773.99,574.82,57.11,173.44,1,-1,-1,-1
594,287,329.57,530.02,37.39,114.37,1,-1,-1,-1
595,275,42.99,610.59,68.43,207.63,1,-1,-1,-1
595,284,1772.23,579.83,58.94,179.00,1,-1,-1,-1
595,287,326.10,532.42,33.87,103.63,1,-1,-1,-1
596,275,28.37,613.06,68.87,208.92,1,-1,-1,-1
596,284,1771.59,581.68,59.60,180.97,1,-1,-1,-1
596,287,321.53,529.86,37.74,115.43,1,-1,-1,-1
597,275,22.04,621.09,66.01,200.23,1,-1,-1,-1
597,284,1775.24,586.56,57.17,173.59,1,-1,-1,-1
597,287,314.64,529.08,38.94,119.09,1,-1,-1,-1
598,275,12.42,626.14,67.90,205.94,1,-1,-1,-1
598,284,1776.67,580.86,56.19,170.62,1,-1,-1,-1
598,287,312.19,528.81,39.33,120.26,1,-1,-1,-1
599,275,0.09,628.09,71.81,217.76,1,-1,-1,-1
599,284,1780.03,575.30,61.40,186.40,1,-1,-1,-1
599,287,306.10,528.74,39.41,120.51,1,-1,-1,-1
600,275,-4.33,635.08,67.16,203.65,1,-1,-1,-1
600,284,1782.51,572.07,60.51,183.71,1,-1,-1,-1
600,287,303.98,528.74,39.40,120.46,1,-1,-1,-1
601,275,-17.34,637.66,67.66,205.16,1,-1,-1,-1
601,284,1783.47,570.83,60.11,182.47,1,-1,-1,-1
601,287,298.04,528.77,39.36,120.31,1,-1,-1,-1
602,284,1782.50,571.68,62.78,190.54,1,-1,-1,-1
602,287,295.96,534.11,39.31,120.15,1,-1,-1,-1
603,284,1783.68,562.52,66.75,202.57,1,-1,-1,-1
603,287,292.38,533.22,41.14,125.71,1,-1,-1,-1
604,284,1790.88,568.39,65.33,198.22,1,-1,-1,-1
604,287,288.84,535.75,39.98,122.15,1,-1,-1,-1
605,284,1792.24,567.19,66.15,200.71,1,-1,-1,-1
605,287,287.67,536.73,39.48,120.60,1,-1,-1,-1
606,287,282.06,537.09,39.27,119.96,1,-1,-1,-1
607,287,280.09,537.20,39.18,119.67,1,-1,-1,-1
608,287,279.50,537.22,39.14,119.53,1,-1,-1,-1
609,287,279.41,537.21,39.11,119.44,1,-1,-1,-1
610,287,274.21,531.91,39.09,119.37,1,-1,-1,-1
611,287,272.36,529.89,39.08,119.32,1,-1,-1,-1
612,284,1818.91,593.16,60.29,182.93,1,-1,-1,-1
612,287,271.78,529.14,39.07,119.28,1,-1,-1,-1
613,284,1820.73,597.66,62.94,190.96,1,-1,-1,-1
613,287,266.38,528.87,39.06,119.25,1,-1,-1,-1
614,284,1829.99,598.99,63.68,193.18,1,-1,-1,-1
614,287,264.45,528.79,39.05,119.22,1,-1,-1,-1
615,284,1841.97,599.43,63.95,193.99,1,-1,-1,-1
615,287,263.84,528.78,39.04,119.19,1,-1,-1,-1
616,284,1851.10,600.27,67.10,203.51,1,-1,-1,-1
616,287,258.43,528.79,39.04,119.17,1,-1,-1,-1
617,284,1856.02,601.68,67.73,205.41,1,-1,-1,-1
617,287,256.49,528.81,39.03,119.15,1,-1,-1,-1
618,287,250.58,528.83,39.03,119.13,1,-1,-1,-1
619,287,248.46,528.85,39.03,119.11,1,-1,-1,-1
620,287,247.78,528.87,39.02,119.10,1,-1,-1,-1
621,287,242.42,525.60,40.89,124.78,1,-1,-1,-1
622,287,240.42,527.61,39.75,121.30,1,-1,-1,-1
623,287,239.81,533.74,39.29,119.88,1,-1,-1,-1
624,287,239.69,530.74,39.11,119.34,1,-1,-1,-1
625,287,239.74,534.90,39.04,119.14,1,-1,-1,-1
626,287,234.23,533.54,40.89,124.76,1,-1,-1,-1
627,287,237.74,541.08,39.74,121.25,1,-1,-1,-1
628,287,233.96,544.04,39.27,119.83,1,-1,-1,-1
629,287,232.62,550.41,39.10,119.29,1,-1,-1,-1
630,287,231.88,550.59,40.90,124.79,1,-1,-1,-1
630,294,1333.68,519.64,39.67,120.90,1,-1,-1,-1
631,287,237.15,552.73,39.74,121.24,1,-1,-1,-1
631,294,1340.26,519.86,38.76,118.12,1,-1,-1,-1
632,287,239.34,553.48,39.27,119.80,1,-1,-1,-1
633,287,240.19,553.70,39.09,119.26,1,-1,-1,-1
634,287,240.53,553.72,39.02,119.06,1,-1,-1,-1
635,287,240.69,553.68,39.00,118.99,1,-1,-1,-1
636,287,240.76,558.91,38.99,118.96,1,-1,-1,-1
637,287,240.12,555.13,42.87,130.77,1,-1,-1,-1
637,294,1392.82,536.81,38.97,118.79,1,-1,-1,-1
638,287,245.64,559.23,40.56,123.72,1,-1,-1,-1
638,294,1400.98,538.92,38.75,118.11,1,-1,-1,-1
639,287,247.95,560.84,39.57,120.71,1,-1,-1,-1
640,287,249.24,559.61,41.09,125.33,1,-1,-1,-1
641,287,249.70,564.73,41.64,127.01,1,-1,-1,-1
642,287,254.65,568.04,40.00,122.00,1,-1,-1,-1
642,294,1434.55,543.52,44.35,135.16,1,-1,-1,-1
643,287,255.64,569.72,40.02,122.08,1,-1,-1,-1
643,294,1442.80,545.26,44.75,136.39,1,-1,-1,-1
646,287,265.89,567.79,41.64,127.01,1,-1,-1,-1
646,294,1482.16,564.80,42.39,129.20,1,-1,-1,-1
647,287,272.86,567.52,41.84,127.59,1,-1,-1,-1
647,294,1491.64,567.74,42.50,129.53,1,-1,-1,-1
648,287,275.28,567.41,41.90,127.78,1,-1,-1,-1
649,287,277.07,557.91,46.06,140.42,1,-1,-1,-1
650,287,282.24,563.50,43.61,132.94,1,-1,-1,-1
651,287,289.89,565.85,42.55,129.70,1,-1,-1,-1
652,287,294.36,557.07,44.16,134.60,1,-1,-1,-1
653,287,297.51,556.56,44.47,135.54,1,-1,-1,-1
657,287,334.43,574.86,39.67,120.93,1,-1,-1,-1
658,287,343.52,582.54,39.15,119.35,1,-1,-1,-1
659,287,349.19,584.49,38.90,118.60,1,-1,-1,-1
665,304,374.12,416.32,96.08,290.20,1,-1,-1,-1
666,304,376.13,413.83,97.40,294.20,1,-1,-1,-1
667,287,423.63,582.65,47.81,145.69,1,-1,-1,-1
667,304,379.85,409.70,98.55,297.65,1,-1,-1,-1
668,287,431.59,583.23,48.41,147.54,1,-1,-1,-1
670,307,395.89,511.83,26.83,82.60,1,-1,-1,-1
671,307,401.61,509.63,27.29,84.00,1,-1,-1,-1
672,307,407.49,505.03,27.41,84.36,1,-1,-1,-1
673,307,411.78,501.52,27.84,85.70,1,-1,-1,-1
674,307,419.00,498.66,27.43,84.42,1,-1,-1,-1
675,307,423.82,495.27,27.71,85.28,1,-1,-1,-1
681,287,600.05,591.92,48.39,147.40,1,-1,-1,-1
682,287,615.36,610.06,45.92,139.87,1,-1,-1,-1
683,287,626.38,602.76,45.21,137.69,1,-1,-1,-1
684,287,633.62,589.13,47.17,143.63,1,-1,-1,-1
685,287,648.98,584.18,47.89,145.80,1,-1,-1,-1
686,287,666.74,577.93,43.99,133.96,1,-1,-1,-1
687,287,677.47,565.30,49.19,149.73,1,-1,-1,-1
688,287,696.54,562.22,48.70,148.24,1,-1,-1,-1
689,287,715.71,559.92,50.78,154.55,1,-1,-1,-1
690,287,729.49,556.68,51.28,156.04,1,-1,-1,-1
691,287,756.95,566.95,51.73,157.39,1,-1,-1,-1
692,287,771.77,569.05,51.89,157.85,1,-1,-1,-1
692,307,497.22,472.64,38.66,118.81,1,-1,-1,-1
693,287,783.48,566.99,54.40,165.45,1,-1,-1,-1
693,307,501.60,471.09,39.27,120.66,1,-1,-1,-1
694,287,798.24,565.44,55.06,167.47,1,-1,-1,-1
694,307,505.31,472.16,39.06,119.86,1,-1,-1,-1
695,307,509.64,470.81,39.59,121.50,1,-1,-1,-1
697,287,848.66,575.78,55.69,169.33,1,-1,-1,-1
697,307,520.62,472.18,39.13,119.97,1,-1,-1,-1
698,287,863.96,575.53,56.23,170.99,1,-1,-1,-1
698,307,525.14,471.18,39.54,121.21,1,-1,-1,-1
699,307,529.20,472.39,39.09,119.75,1,-1,-1,-1
700,307,538.18,491.68,34.06,104.35,1,-1,-1,-1
701,307,543.90,494.70,33.80,103.53,1,-1,-1,-1
701,315,708.18,477.00,19.00,59.00,1,-1,-1,-1
702,287,944.84,593.23,59.41,180.58,1,-1,-1,-1
702,307,546.32,485.94,37.15,113.74,1,-1,-1,-1
702,315,710.20,477.00,19.00,59.00,1,-1,-1,-1
703,287,954.73,598.67,56.97,173.14,1,-1,-1,-1
703,307,552.33,487.97,38.36,117.38,1,-1,-1,-1
704,287,962.98,596.89,58.80,178.66,1,-1,-1,-1
704,307,557.18,488.34,38.69,118.41,1,-1,-1,-1
704,315,724.22,469.41,23.16,71.88,1,-1,-1,-1
705,287,978.43,598.24,59.29,180.16,1,-1,-1,-1
705,307,559.05,499.28,35.02,107.15,1,-1,-1,-1
705,315,728.36,467.80,24.04,74.62,1,-1,-1,-1
706,307,556.22,492.53,37.71,115.37,1,-1,-1,-1
706,315,736.00,480.82,20.32,63.08,1,-1,-1,-1
707,307,560.65,495.61,38.58,117.99,1,-1,-1,-1
707,315,737.99,483.96,19.44,60.34,1,-1,-1,-1
708,287,1049.73,620.67,56.18,170.67,1,-1,-1,-1
708,307,564.88,504.87,35.59,108.86,1,-1,-1,-1
708,315,741.38,487.68,19.17,59.50,1,-1,-1,-1
709,287,1067.46,623.69,56.25,170.89,1,-1,-1,-1
709,307,568.73,506.57,35.55,108.74,1,-1,-1,-1
709,315,745.16,491.69,19.07,59.20,1,-1,-1,-1
710,307,569.78,512.01,38.21,116.82,1,-1,-1,-1
710,315,749.22,493.31,19.09,59.27,1,-1,-1,-1
711,287,1105.36,614.36,62.80,190.72,1,-1,-1,-1
711,307,570.49,518.66,38.77,118.52,1,-1,-1,-1
712,287,1118.93,626.14,60.93,185.02,1,-1,-1,-1
712,307,575.89,521.09,38.98,119.14,1,-1,-1,-1
712,315,755.80,501.74,20.22,62.76,1,-1,-1,-1
713,287,1131.35,630.55,60.19,182.76,1,-1,-1,-1
713,307,577.83,521.92,39.06,119.34,1,-1,-1,-1
713,315,759.69,503.98,20.37,63.22,1,-1,-1,-1
714,287,1163.36,638.84,65.80,199.73,1,-1,-1,-1
714,307,578.44,527.39,39.08,119.39,1,-1,-1,-1
714,315,761.55,508.40,19.33,60.01,1,-1,-1,-1
715,287,1181.96,642.12,66.69,202.43,1,-1,-1,-1
715,307,578.55,529.38,39.08,119.38,1,-1,-1,-1
715,315,765.21,510.88,19.36,60.08,1,-1,-1,-1
715,318,1427.02,526.76,23.62,72.87,1,-1,-1,-1
716,307,578.47,535.29,39.07,119.34,1,-1,-1,-1
716,318,1433.38,524.06,23.62,72.87,1,-1,-1,-1
717,287,1211.30,628.98,64.71,196.37,1,-1,-1,-1
717,307,578.34,537.44,39.06,119.31,1,-1,-1,-1
717,318,1438.93,527.87,22.44,69.22,1,-1,-1,-1
718,287,1229.21,630.50,65.26,198.06,1,-1,-1,-1
718,307,583.47,538.14,39.06,119.28,1,-1,-1,-1
718,315,773.34,510.00,19.05,59.14,1,-1,-1,-1
718,318,1443.83,525.81,22.04,68.00,1,-1,-1,-1
719,307,585.33,538.29,39.05,119.24,1,-1,-1,-1
719,315,776.90,508.34,19.98,62.02,1,-1,-1,-1
719,318,1451.47,527.96,24.30,74.96,1,-1,-1,-1
720,307,585.94,543.53,39.04,119.22,1,-1,-1,-1
720,315,780.76,511.84,19.38,60.14,1,-1,-1,-1
720,318,1457.49,525.17,25.06,77.30,1,-1,-1,-1
721,287,1298.56,637.49,64.27,195.01,1,-1,-1,-1
721,307,585.46,542.89,40.90,124.87,1,-1,-1,-1
721,315,784.73,513.13,19.14,59.39,1,-1,-1,-1
721,318,1463.06,524.06,25.35,78.18,1,-1,-1,-1
722,287,1314.56,640.46,74.44,225.77,1,-1,-1,-1
722,307,585.84,545.08,39.77,121.39,1,-1,-1,-1
722,315,786.08,513.55,19.05,59.12,1,-1,-1,-1
722,318,1471.82,526.56,24.30,74.95,1,-1,-1,-1
722,321,1296.88,452.53,43.80,133.35,1,-1,-1,-1
723,287,1336.48,650.67,71.26,216.09,1,-1,-1,-1
723,307,591.18,545.81,39.30,119.96,1,-1,-1,-1
723,315,791.77,513.65,19.01,59.01,1,-1,-1,-1
723,318,1477.86,526.70,24.42,75.30,1,-1,-1,-1
723,321,1302.77,454.84,42.68,129.94,1,-1,-1,-1
724,287,1353.36,654.85,69.81,211.66,1,-1,-1,-1
724,307,593.11,551.30,39.12,119.41,1,-1,-1,-1
724,315,793.78,518.94,19.00,58.98,1,-1,-1,-1
724,321,1304.70,461.97,42.18,128.43,1,-1,-1,-1
725,287,1372.37,657.63,70.47,213.69,1,-1,-1,-1
725,307,593.76,553.27,39.05,119.20,1,-1,-1,-1
725,315,797.05,520.88,19.00,58.97,1,-1,-1,-1
725,321,1311.44,464.97,39.96,121.67,1,-1,-1,-1
726,307,593.92,553.92,39.02,119.11,1,-1,-1,-1
726,315,801.93,520.71,19.92,61.82,1,-1,-1,-1
726,321,1319.65,465.09,41.23,125.55,1,-1,-1,-1
727,307,593.91,559.37,39.01,119.07,1,-1,-1,-1
727,315,805.16,526.63,19.36,60.08,1,-1,-1,-1
727,321,1324.31,462.65,43.75,133.22,1,-1,-1,-1
728,307,599.13,561.33,39.01,119.06,1,-1,-1,-1
728,315,808.88,526.21,19.13,59.38,1,-1,-1,-1
728,321,1330.07,463.98,46.83,142.59,1,-1,-1,-1
729,307,601.03,561.97,39.01,119.05,1,-1,-1,-1
729,315,810.14,525.99,19.04,59.12,1,-1,-1,-1
729,321,1334.90,465.43,47.61,144.97,1,-1,-1,-1
730,307,601.68,567.41,39.00,119.04,1,-1,-1,-1
730,315,815.79,528.49,19.01,59.02,1,-1,-1,-1
730,321,1338.84,471.29,43.37,132.08,1,-1,-1,-1
731,307,601.85,564.08,39.00,119.03,1,-1,-1,-1
731,315,820.43,526.73,19.00,58.99,1,-1,-1,-1
731,321,1343.57,473.26,43.57,132.67,1,-1,-1,-1
732,307,601.98,560.95,40.87,124.72,1,-1,-1,-1
732,315,822.04,526.00,19.00,58.98,1,-1,-1,-1
733,307,602.00,559.75,41.57,126.83,1,-1,-1,-1
733,315,825.16,525.68,19.00,58.97,1,-1,-1,-1
733,321,1355.31,473.22,42.19,128.48,1,-1,-1,-1
734,307,607.02,560.97,39.99,122.02,1,-1,-1,-1
734,315,828.85,525.53,19.00,58.98,1,-1,-1,-1
734,321,1360.86,471.21,44.10,134.31,1,-1,-1,-1
735,307,608.90,561.38,39.36,120.09,1,-1,-1,-1
735,315,830.11,525.43,19.00,58.98,1,-1,-1,-1
735,321,1364.84,472.49,42.73,130.14,1,-1,-1,-1
736,307,608.58,555.76,43.02,131.23,1,-1,-1,-1
736,315,833.10,522.73,19.00,58.98,1,-1,-1,-1
736,321,1369.76,473.63,42.77,130.27,1,-1,-1,-1
737,307,609.38,559.23,40.61,123.87,1,-1,-1,-1
737,315,836.26,523.01,18.99,58.95,1,-1,-1,-1
737,321,1363.32,458.50,47.04,143.24,1,-1,-1,-1
738,307,610.12,558.84,41.47,126.49,1,-1,-1,-1
738,315,837.76,520.89,21.25,65.94,1,-1,-1,-1
738,321,1366.97,457.81,47.55,144.80,1,-1,-1,-1
739,307,610.37,558.69,41.78,127.43,1,-1,-1,-1
739,315,838.32,523.56,19.88,61.70,1,-1,-1,-1
740,307,608.94,560.74,43.88,133.83,1,-1,-1,-1
740,315,841.02,524.62,19.32,59.97,1,-1,-1,-1
741,307,608.38,561.50,44.68,136.22,1,-1,-1,-1
741,315,842.11,524.35,20.05,62.21,1,-1,-1,-1
741,318,1594.94,560.17,25.37,78.20,1,-1,-1,-1
742,307,608.11,561.77,44.97,137.10,1,-1,-1,-1
742,315,842.47,524.24,20.31,63.02,1,-1,-1,-1
742,318,1597.78,561.29,26.68,82.22,1,-1,-1,-1
743,307,610.69,562.39,47.19,143.84,1,-1,-1,-1
743,315,845.31,526.99,20.41,63.32,1,-1,-1,-1
743,318,1601.49,564.78,25.89,79.76,1,-1,-1,-1
744,307,608.98,562.08,45.94,140.01,1,-1,-1,-1
744,315,846.30,528.03,20.45,63.42,1,-1,-1,-1
744,318,1607.47,566.67,26.81,82.56,1,-1,-1,-1
745,307,608.24,567.96,45.41,138.38,1,-1,-1,-1
745,315,846.59,528.41,20.46,63.45,1,-1,-1,-1
745,318,1611.68,566.71,25.93,79.86,1,-1,-1,-1
746,307,604.20,564.66,47.34,144.23,1,-1,-1,-1
746,315,846.61,528.53,20.46,63.45,1,-1,-1,-1
746,318,1614.59,567.25,26.82,82.58,1,-1,-1,-1
747,307,606.36,568.81,45.95,139.99,1,-1,-1,-1
747,315,846.55,528.56,20.46,63.44,1,-1,-1,-1
747,318,1619.94,568.77,26.97,83.03,1,-1,-1,-1
748,307,607.21,570.42,45.38,138.23,1,-1,-1,-1
748,315,846.46,528.55,20.46,63.43,1,-1,-1,-1
749,307,603.76,565.47,47.30,144.08,1,-1,-1,-1
749,315,849.18,528.53,20.45,63.41,1,-1,-1,-1
750,307,602.47,570.00,48.02,146.23,1,-1,-1,-1
750,315,850.16,528.51,20.45,63.40,1,-1,-1,-1
