2.000000000000000000e+00 5.377065277099609375e+02 2.466237258911133097e+02 3.012525749206542969e+02 1.517250251770019531e+02 1.000000000000000000e+00 3.023100793361663818e-01
3.000000000000000000e+00 5.376375579833984375e+02 2.473808383941650675e+02 3.003754997253417969e+02 1.513208198547363281e+02 1.000000000000000000e+00 2.956747412681579590e-01
4.000000000000000000e+00 5.376143264770507812e+02 2.472361278533935831e+02 3.002312278747558594e+02 1.513725328445434570e+02 1.000000000000000000e+00 2.990734279155731201e-01
5.000000000000000000e+00 5.374677276611328125e+02 2.472431945800781250e+02 3.010573577880859375e+02 1.511801290512084961e+02 1.000000000000000000e+00 2.972789704799652100e-01
6.000000000000000000e+00 5.373142623901367188e+02 2.478138542175293253e+02 3.023817825317382812e+02 1.495896720886230469e+02 1.000000000000000000e+00 2.639584243297576904e-01
7.000000000000000000e+00 5.369329833984375000e+02 2.481765747070312784e+02 3.011369132995605469e+02 1.478326892852783203e+02 1.000000000000000000e+00 2.798665463924407959e-01
8.000000000000000000e+00 5.369641876220703125e+02 2.481956291198730753e+02 3.014875411987304688e+02 1.479198932647705078e+02 1.000000000000000000e+00 2.739077508449554443e-01
9.000000000000000000e+00 5.368186569213867188e+02 2.481405830383300781e+02 3.012835502624511719e+02 1.476153087615966797e+02 1.000000000000000000e+00 2.824614942073822021e-01
1.000000000000000000e+01 5.367502975463867188e+02 2.481142902374267578e+02 2.998220252990722656e+02 1.473933649063110352e+02 1.000000000000000000e+00 3.211077749729156494e-01
1.100000000000000000e+01 5.367601776123046875e+02 2.478746509552001953e+02 2.991181564331054688e+02 1.475039434432983398e+02 1.000000000000000000e+00 3.217636942863464355e-01
1.200000000000000000e+01 5.367357254028320312e+02 2.479468631744384766e+02 2.990300750732421875e+02 1.473512077331542969e+02 1.000000000000000000e+00 3.239987194538116455e-01
1.300000000000000000e+01 5.371346282958984375e+02 2.475302696228027628e+02 2.985796546936035156e+02 1.481910896301269531e+02 1.000000000000000000e+00 3.271104097366333008e-01
1.400000000000000000e+01 5.367636108398437500e+02 2.475944423675537109e+02 3.004714202880859375e+02 1.483145427703857422e+02 1.000000000000000000e+00 3.150258660316467285e-01
1.500000000000000000e+01 5.367455291748046875e+02 2.475337600708007812e+02 3.001388740539550781e+02 1.483816480636596680e+02 1.000000000000000000e+00 3.220708668231964111e-01
1.600000000000000000e+01 5.365031051635742188e+02 2.473562622070312500e+02 2.992387962341308594e+02 1.474111318588256836e+02 1.000000000000000000e+00 3.269942402839660645e-01
1.700000000000000000e+01 5.366927337646484375e+02 2.470926189422607706e+02 2.980851936340332031e+02 1.471496772766113281e+02 1.000000000000000000e+00 3.501510322093963623e-01
1.800000000000000000e+01 5.368680953979492188e+02 2.472910881042480469e+02 2.999564361572265625e+02 1.476141929626464844e+02 1.000000000000000000e+00 3.125683665275573730e-01
1.900000000000000000e+01 5.368051910400390625e+02 2.473055934906005859e+02 2.999311637878417969e+02 1.474690246582031250e+02 1.000000000000000000e+00 3.150472044944763184e-01
2.000000000000000000e+01 5.369374847412109375e+02 2.473831844329833984e+02 3.003419876098632812e+02 1.481985855102539062e+02 1.000000000000000000e+00 3.169713020324707031e-01
2.100000000000000000e+01 5.369352340698242188e+02 2.471952152252197266e+02 2.998359298706054688e+02 1.482162237167358398e+02 1.000000000000000000e+00 3.349935710430145264e-01
2.200000000000000000e+01 5.369958496093750000e+02 2.472079181671142578e+02 2.994976234436035156e+02 1.482962036132812500e+02 1.000000000000000000e+00 3.417605161666870117e-01
2.300000000000000000e+01 5.369359207153320312e+02 2.473035049438476847e+02 3.001381683349609375e+02 1.485185909271240234e+02 1.000000000000000000e+00 3.182550072669982910e-01
2.400000000000000000e+01 5.368337249755859375e+02 2.470954227447509766e+02 2.988627243041992188e+02 1.470686101913452148e+02 1.000000000000000000e+00 3.432578742504119873e-01
2.500000000000000000e+01 5.368220901489257812e+02 2.471745014190674112e+02 2.972961997985839844e+02 1.468004322052001953e+02 1.000000000000000000e+00 3.554245829582214355e-01
2.600000000000000000e+01 5.368444824218750000e+02 2.472060012817383097e+02 2.970490074157714844e+02 1.467559432983398438e+02 1.000000000000000000e+00 3.602932989597320557e-01
2.700000000000000000e+01 5.370666503906250000e+02 2.472179031372070312e+02 2.979326057434082031e+02 1.471682310104370117e+02 1.000000000000000000e+00 3.419468998908996582e-01
2.800000000000000000e+01 5.370486450195312500e+02 2.475191116333008097e+02 2.983418083190917969e+02 1.475690746307373047e+02 1.000000000000000000e+00 3.290948569774627686e-01
2.900000000000000000e+01 5.370555496215820312e+02 2.473493957519531250e+02 2.997365379333496094e+02 1.476314306259155273e+02 1.000000000000000000e+00 3.181785047054290771e-01
3.000000000000000000e+01 5.370582199096679688e+02 2.473399543762207031e+02 2.999533462524414062e+02 1.477121543884277344e+02 1.000000000000000000e+00 3.164892792701721191e-01
3.100000000000000000e+01 5.368780517578125000e+02 2.477174663543701456e+02 2.998830604553222656e+02 1.470823287963867188e+02 1.000000000000000000e+00 3.015461564064025879e-01
3.200000000000000000e+01 5.368428802490234375e+02 2.476626491546630859e+02 3.002025413513183594e+02 1.478995656967163086e+02 1.000000000000000000e+00 2.890622317790985107e-01
3.300000000000000000e+01 5.368958282470703125e+02 2.476588726043701172e+02 2.999988746643066406e+02 1.480549621582031250e+02 1.000000000000000000e+00 2.898835539817810059e-01
3.400000000000000000e+01 5.365995025634765625e+02 2.477944564819336222e+02 2.992454338073730469e+02 1.469531822204589844e+02 1.000000000000000000e+00 2.861407101154327393e-01
3.500000000000000000e+01 5.367050933837890625e+02 2.478450965881347940e+02 2.992717170715332031e+02 1.478224182128906250e+02 1.000000000000000000e+00 2.814812362194061279e-01
3.600000000000000000e+01 5.367623138427734375e+02 2.479290103912353516e+02 2.983885383605957031e+02 1.466066551208496094e+02 1.000000000000000000e+00 2.774430215358734131e-01
3.700000000000000000e+01 5.368071365356445312e+02 2.478790569305419922e+02 2.981909751892089844e+02 1.463629961013793945e+02 1.000000000000000000e+00 2.826139628887176514e-01
3.800000000000000000e+01 5.368084716796875000e+02 2.477773475646972656e+02 2.983495521545410156e+02 1.465940237045288086e+02 1.000000000000000000e+00 2.816803157329559326e-01
3.900000000000000000e+01 5.367693328857421875e+02 2.478610610961914347e+02 2.975469970703125000e+02 1.462642192840576172e+02 1.000000000000000000e+00 2.882496118545532227e-01
4.000000000000000000e+01 5.367041015625000000e+02 2.479753017425537394e+02 2.974728965759277344e+02 1.464205741882324219e+02 1.000000000000000000e+00 2.888768315315246582e-01
4.100000000000000000e+01 5.366615676879882812e+02 2.479036331176758097e+02 2.972094917297363281e+02 1.462373542785644531e+02 1.000000000000000000e+00 2.955847978591918945e-01
4.200000000000000000e+01 5.365391921997070312e+02 2.479831981658935831e+02 2.972265434265136719e+02 1.452325344085693359e+02 1.000000000000000000e+00 2.994640171527862549e-01
4.300000000000000000e+01 5.365399932861328125e+02 2.480132389068603800e+02 2.973143196105957031e+02 1.451281642913818359e+02 1.000000000000000000e+00 2.905528545379638672e-01
4.400000000000000000e+01 5.365212249755859375e+02 2.480463123321533203e+02 2.976103973388671875e+02 1.451226282119750977e+02 1.000000000000000000e+00 2.862154245376586914e-01
4.500000000000000000e+01 5.366674041748046875e+02 2.480012226104736612e+02 2.965408897399902344e+02 1.446717596054077148e+02 1.000000000000000000e+00 2.854288220405578613e-01
4.600000000000000000e+01 5.365820312500000000e+02 2.478147411346435547e+02 2.966711997985839844e+02 1.449144029617309570e+02 1.000000000000000000e+00 2.859622240066528320e-01
4.700000000000000000e+01 5.361756515502929688e+02 2.480238533020019531e+02 2.960288429260253906e+02 1.435537719726562500e+02 1.000000000000000000e+00 2.976221144199371338e-01
4.800000000000000000e+01 5.361844635009765625e+02 2.479684925079345703e+02 2.960798835754394531e+02 1.434529924392700195e+02 1.000000000000000000e+00 2.958910763263702393e-01
4.900000000000000000e+01 5.363733673095703125e+02 2.479874038696289347e+02 2.970541000366210938e+02 1.438779115676879883e+02 1.000000000000000000e+00 2.912651002407073975e-01
5.000000000000000000e+01 5.360916137695312500e+02 2.478469276428222656e+02 2.961289787292480469e+02 1.422159576416015625e+02 1.000000000000000000e+00 3.024061918258666992e-01
5.100000000000000000e+01 5.362759399414062500e+02 2.477710819244384766e+02 2.964236640930175781e+02 1.429529857635498047e+02 1.000000000000000000e+00 3.028692305088043213e-01
5.200000000000000000e+01 5.362892913818359375e+02 2.477238178253174112e+02 2.968083000183105469e+02 1.429261922836303711e+02 1.000000000000000000e+00 2.995411157608032227e-01
5.300000000000000000e+01 5.364534378051757812e+02 2.477239036560058878e+02 2.973478889465332031e+02 1.428780555725097656e+02 1.000000000000000000e+00 2.891248464584350586e-01
5.400000000000000000e+01 5.362503814697265625e+02 2.477259922027587891e+02 2.973316574096679688e+02 1.422360992431640625e+02 1.000000000000000000e+00 2.993562221527099609e-01
5.500000000000000000e+01 5.362154388427734375e+02 2.477697944641113281e+02 2.973292732238769531e+02 1.422774696350097656e+02 1.000000000000000000e+00 3.025429248809814453e-01
5.600000000000000000e+01 5.364720916748046875e+02 2.477143192291259766e+02 2.948929786682128906e+02 1.425145626068115234e+02 1.000000000000000000e+00 3.200443983078002930e-01
5.700000000000000000e+01 5.361756515502929688e+02 2.477955722808838175e+02 2.949224472045898438e+02 1.430189752578735352e+02 1.000000000000000000e+00 3.137329220771789551e-01
5.800000000000000000e+01 5.361433029174804688e+02 2.479235458374023722e+02 2.967589569091796875e+02 1.427791213989257812e+02 1.000000000000000000e+00 2.853204309940338135e-01
5.900000000000000000e+01 5.361660766601562500e+02 2.478760814666748331e+02 2.965492057800292969e+02 1.428013801574707031e+02 1.000000000000000000e+00 2.874827086925506592e-01
6.000000000000000000e+01 5.359847259521484375e+02 2.480317211151123047e+02 2.960953140258789062e+02 1.423919248580932617e+02 1.000000000000000000e+00 2.832535803318023682e-01
6.100000000000000000e+01 5.359468460083007812e+02 2.479208278656005859e+02 2.961633491516113281e+02 1.422982120513916016e+02 1.000000000000000000e+00 2.844276130199432373e-01
6.200000000000000000e+01 5.359016799926757812e+02 2.479022884368896484e+02 2.963916397094726562e+02 1.421797800064086914e+02 1.000000000000000000e+00 2.849220037460327148e-01
6.300000000000000000e+01 5.359296798706054688e+02 2.480797863006591797e+02 2.965834045410156250e+02 1.423581790924072266e+02 1.000000000000000000e+00 2.851349413394927979e-01
6.400000000000000000e+01 5.360362625122070312e+02 2.478253269195556641e+02 2.980588340759277344e+02 1.428100776672363281e+02 1.000000000000000000e+00 2.786940038204193115e-01
6.500000000000000000e+01 5.361896896362304688e+02 2.479269790649414347e+02 2.973307228088378906e+02 1.432941055297851562e+02 1.000000000000000000e+00 2.909188866615295410e-01
6.600000000000000000e+01 5.361646270751953125e+02 2.479721546173095703e+02 2.974043464660644531e+02 1.433430433273315430e+02 1.000000000000000000e+00 2.923755049705505371e-01
6.700000000000000000e+01 5.361281585693359375e+02 2.477323436737060547e+02 2.969692420959472656e+02 1.432390308380126953e+02 1.000000000000000000e+00 2.972445189952850342e-01
6.800000000000000000e+01 5.362153244018554688e+02 2.475512695312500000e+02 2.972113990783691406e+02 1.429846000671386719e+02 1.000000000000000000e+00 2.989460825920104980e-01
6.900000000000000000e+01 5.364906692504882812e+02 2.475669765472412109e+02 2.975163078308105469e+02 1.431699657440185547e+02 1.000000000000000000e+00 2.883253693580627441e-01
7.000000000000000000e+01 5.364417648315429688e+02 2.475700664520263672e+02 2.974288177490234375e+02 1.432593870162963867e+02 1.000000000000000000e+00 2.938874363899230957e-01
7.100000000000000000e+01 5.362982940673828125e+02 2.476909732818603516e+02 2.966328430175781250e+02 1.434221363067626953e+02 1.000000000000000000e+00 3.157762289047241211e-01
7.200000000000000000e+01 5.366134643554687500e+02 2.475604534149169922e+02 2.964658927917480469e+02 1.437684202194213867e+02 1.000000000000000000e+00 3.172600567340850830e-01
7.300000000000000000e+01 5.366053009033203125e+02 2.475619983673095703e+02 2.964572715759277344e+02 1.437203693389892578e+02 1.000000000000000000e+00 3.165717124938964844e-01
7.400000000000000000e+01 5.365217208862304688e+02 2.474183750152587891e+02 2.977272224426269531e+02 1.433521699905395508e+02 1.000000000000000000e+00 2.956151366233825684e-01
7.500000000000000000e+01 5.363814163208007812e+02 2.476831912994384766e+02 2.962538719177246094e+02 1.428796291351318359e+02 1.000000000000000000e+00 3.216122090816497803e-01
7.600000000000000000e+01 5.364858245849609375e+02 2.475879192352294922e+02 2.956031227111816406e+02 1.422798299789428711e+02 1.000000000000000000e+00 3.394442498683929443e-01
7.700000000000000000e+01 5.364884567260742188e+02 2.476378726959228516e+02 2.955597877502441406e+02 1.423528575897216797e+02 1.000000000000000000e+00 3.414934277534484863e-01
7.800000000000000000e+01 5.361499023437500000e+02 2.477154922485351847e+02 2.957773399353027344e+02 1.421013736724853516e+02 1.000000000000000000e+00 3.267384171485900879e-01
7.900000000000000000e+01 5.362368774414062500e+02 2.475214290618896769e+02 2.944670295715332031e+02 1.421273374557495117e+02 1.000000000000000000e+00 3.464579284191131592e-01
8.000000000000000000e+01 5.362273025512695312e+02 2.475314140319824219e+02 2.945080566406250000e+02 1.421477079391479492e+02 1.000000000000000000e+00 3.466246128082275391e-01
8.100000000000000000e+01 5.363890838623046875e+02 2.476839923858642862e+02 2.940141487121582031e+02 1.429623699188232422e+02 1.000000000000000000e+00 3.166474699974060059e-01
8.200000000000000000e+01 5.362142181396484375e+02 2.476943492889404297e+02 2.942033004760742188e+02 1.423469781875610352e+02 1.000000000000000000e+00 3.137971460819244385e-01
8.300000000000000000e+01 5.361259841918945312e+02 2.479096698760986328e+02 2.950976371765136719e+02 1.427172517776489258e+02 1.000000000000000000e+00 3.144736289978027344e-01
8.400000000000000000e+01 5.361022186279296875e+02 2.479488086700439453e+02 2.950881385803222656e+02 1.426380872726440430e+02 1.000000000000000000e+00 3.078937828540802002e-01
8.500000000000000000e+01 5.359391021728515625e+02 2.479195690155029297e+02 2.959553909301757812e+02 1.426752662658691406e+02 1.000000000000000000e+00 3.060955107212066650e-01
8.600000000000000000e+01 5.360541915893554688e+02 2.476282310485839844e+02 2.948293495178222656e+02 1.420211505889892578e+02 1.000000000000000000e+00 3.106170892715454102e-01
8.700000000000000000e+01 5.361466217041015625e+02 2.477196979522705362e+02 2.967290878295898438e+02 1.436905431747436523e+02 1.000000000000000000e+00 3.066506683826446533e-01
8.800000000000000000e+01 5.361542510986328125e+02 2.476999855041503906e+02 2.967410469055175781e+02 1.437150335311889648e+02 1.000000000000000000e+00 3.080368638038635254e-01
8.900000000000000000e+01 5.364301681518554688e+02 2.475994205474853516e+02 2.979059791564941406e+02 1.451759290695190430e+02 1.000000000000000000e+00 3.119817376136779785e-01
9.000000000000000000e+01 5.366663742065429688e+02 2.474998569488525391e+02 2.972184944152832031e+02 1.455565309524536133e+02 1.000000000000000000e+00 3.185413479804992676e-01
9.100000000000000000e+01 5.366761016845703125e+02 2.474900436401367188e+02 2.972146034240722656e+02 1.456502294540405273e+02 1.000000000000000000e+00 3.185209929943084717e-01
9.200000000000000000e+01 5.371729660034179688e+02 2.472696876525879190e+02 2.982200813293457031e+02 1.468698406219482422e+02 1.000000000000000000e+00 3.061095774173736572e-01
9.300000000000000000e+01 5.369138336181640625e+02 2.472637939453125000e+02 2.980991935729980469e+02 1.461404085159301758e+02 1.000000000000000000e+00 2.927136123180389404e-01
9.400000000000000000e+01 5.369195556640625000e+02 2.472329807281494141e+02 2.980389022827148438e+02 1.461909198760986328e+02 1.000000000000000000e+00 2.947475612163543701e-01
9.500000000000000000e+01 5.365780639648437500e+02 2.476534080505371094e+02 2.980536842346191406e+02 1.450278568267822266e+02 1.000000000000000000e+00 2.833127081394195557e-01
9.600000000000000000e+01 5.364444732666015625e+02 2.476336383819580078e+02 2.966407966613769531e+02 1.452546787261962891e+02 1.000000000000000000e+00 3.056013286113739014e-01
9.700000000000000000e+01 5.362068939208984375e+02 2.475442314147949219e+02 2.968035888671875000e+02 1.452338075637817383e+02 1.000000000000000000e+00 3.063423931598663330e-01
9.800000000000000000e+01 5.360625076293945312e+02 2.473803806304931641e+02 2.963965225219726562e+02 1.446915578842163086e+02 1.000000000000000000e+00 3.295348882675170898e-01
9.900000000000000000e+01 5.361022949218750000e+02 2.473887348175049112e+02 2.959884834289550781e+02 1.446400451660156250e+02 1.000000000000000000e+00 3.341182172298431396e-01
1.000000000000000000e+02 5.361802291870117188e+02 2.473173809051513672e+02 2.973378372192382812e+02 1.453068351745605469e+02 1.000000000000000000e+00 3.338247239589691162e-01
1.010000000000000000e+02 5.362916183471679688e+02 2.473501968383789347e+02 2.961673355102539062e+02 1.450384569168090820e+02 1.000000000000000000e+00 3.275232613086700439e-01
1.020000000000000000e+02 5.363298416137695312e+02 2.473622131347656534e+02 2.961751365661621094e+02 1.451323986053466797e+02 1.000000000000000000e+00 3.279494047164916992e-01
1.030000000000000000e+02 5.364356613159179688e+02 2.473754596710205078e+02 2.963170433044433594e+02 1.455108547210693359e+02 1.000000000000000000e+00 3.295315206050872803e-01
1.040000000000000000e+02 5.363060760498046875e+02 2.475219726562500000e+02 2.951780700683593750e+02 1.445245742797851562e+02 1.000000000000000000e+00 3.327346742153167725e-01
1.050000000000000000e+02 5.362757492065429688e+02 2.475286960601806641e+02 2.950057029724121094e+02 1.444692277908325195e+02 1.000000000000000000e+00 3.325916230678558350e-01
1.060000000000000000e+02 1.122736434936523438e+03 1.174832010269165039e+02 3.018692016601562500e+02 1.703866052627563477e+02 0.000000000000000000e+00 4.146646857261657715e-01
1.060000000000000000e+02 5.363017654418945312e+02 2.475355339050292969e+02 2.924135780334472656e+02 1.439893913269042969e+02 1.000000000000000000e+00 3.169470727443695068e-01
1.070000000000000000e+02 1.116229858398437500e+03 1.175885295867920206e+02 2.810178947448730469e+02 1.726324510574340820e+02 0.000000000000000000e+00 8.303139805793762207e-01
1.070000000000000000e+02 5.361727142333984375e+02 2.476437664031982422e+02 2.915935325622558594e+02 1.433837413787841797e+02 1.000000000000000000e+00 3.238537311553955078e-01
1.080000000000000000e+02 1.116730117797851562e+03 1.171495485305786417e+02 2.941453552246093750e+02 1.668139028549194336e+02 0.000000000000000000e+00 2.944827675819396973e-01
1.080000000000000000e+02 5.356042480468750000e+02 2.476863670349121094e+02 2.894636726379394531e+02 1.426187753677368164e+02 1.000000000000000000e+00 3.118144869804382324e-01
1.090000000000000000e+02 1.116558837890625000e+03 1.171490192413330078e+02 2.932775306701660156e+02 1.668859004974365234e+02 0.000000000000000000e+00 3.043129742145538330e-01
1.090000000000000000e+02 5.356293869018554688e+02 2.477169799804687500e+02 2.892448806762695312e+02 1.425504827499389648e+02 1.000000000000000000e+00 3.134878575801849365e-01
1.100000000000000000e+02 1.115982818603515625e+03 1.165672016143798970e+02 2.948693847656250000e+02 1.646889638900756836e+02 0.000000000000000000e+00 3.698868155479431152e-01
1.100000000000000000e+02 5.362203216552734375e+02 2.474779129028320597e+02 2.932526588439941406e+02 1.435333299636840820e+02 1.000000000000000000e+00 3.051230311393737793e-01
1.110000000000000000e+02 1.115261611938476562e+03 1.162193155288696573e+02 2.991033935546875000e+02 1.742887258529663086e+02 0.000000000000000000e+00 4.101693928241729736e-01
1.110000000000000000e+02 5.368133544921875000e+02 2.471348190307617188e+02 2.939084434509277344e+02 1.445870304107666016e+02 1.000000000000000000e+00 2.921725511550903320e-01
1.120000000000000000e+02 1.045135040283203125e+03 1.085261106491089009e+02 1.610573959350585938e+02 1.472581958770751953e+02 0.000000000000000000e+00 2.575876116752624512e-01
1.120000000000000000e+02 5.364335250854492188e+02 2.469184970855712891e+02 2.908616065979003906e+02 1.439842557907104492e+02 1.000000000000000000e+00 3.034136295318603516e-01
1.130000000000000000e+02 1.045013656616210938e+03 1.086837530136108398e+02 1.609476852416992188e+02 1.469714784622192383e+02 0.000000000000000000e+00 2.545421719551086426e-01
1.130000000000000000e+02 5.365838623046875000e+02 2.468883705139160156e+02 2.913933753967285156e+02 1.441228151321411133e+02 1.000000000000000000e+00 2.974920570850372314e-01
1.140000000000000000e+02 5.359317779541015625e+02 2.467758464813232422e+02 2.858733367919921875e+02 1.426937913894653320e+02 1.000000000000000000e+00 3.227333128452301025e-01
1.150000000000000000e+02 1.042747421264648438e+03 9.939345359802248936e+01 1.768702888488769531e+02 1.425091695785522461e+02 0.000000000000000000e+00 3.997877240180969238e-01
1.150000000000000000e+02 5.358110427856445312e+02 2.467270946502685547e+02 2.895499992370605469e+02 1.429865884780883789e+02 1.000000000000000000e+00 3.048669695854187012e-01
1.160000000000000000e+02 1.042278900146484375e+03 9.968823909759524327e+01 1.773055267333984375e+02 1.427575778961181641e+02 0.000000000000000000e+00 3.698698878288269043e-01
1.160000000000000000e+02 5.359653472900390625e+02 2.466078472137451456e+02 2.913154602050781250e+02 1.432964086532592773e+02 1.000000000000000000e+00 3.051479756832122803e-01
1.170000000000000000e+02 1.017094039916992188e+03 9.655418872833253374e+01 2.249033355712890625e+02 1.435952854156494141e+02 0.000000000000000000e+00 8.444583415985107422e-01
1.170000000000000000e+02 5.381729125976562500e+02 2.436046886444091797e+02 3.004665184020996094e+02 1.502943420410156250e+02 1.000000000000000000e+00 3.534304797649383545e-01
1.180000000000000000e+02 1.009597320556640625e+03 1.001267480850220011e+02 2.343272972106933594e+02 1.439018726348876953e+02 0.000000000000000000e+00 7.450392842292785645e-01
1.180000000000000000e+02 5.380335235595703125e+02 2.442824363708496378e+02 3.000721549987792969e+02 1.486622714996337891e+02 1.000000000000000000e+00 3.561552166938781738e-01
1.190000000000000000e+02 9.985339355468750000e+02 9.837504386901856890e+01 2.313546180725097656e+02 1.443176364898681641e+02 0.000000000000000000e+00 7.053927779197692871e-01
1.190000000000000000e+02 5.384159088134765625e+02 2.435533332824707031e+02 3.013228797912597656e+02 1.517814874649047852e+02 1.000000000000000000e+00 3.265093863010406494e-01
1.200000000000000000e+02 9.986925506591796875e+02 9.821987628936767578e+01 2.307913589477539062e+02 1.442626905441284180e+02 0.000000000000000000e+00 6.700768470764160156e-01
1.200000000000000000e+02 5.384782028198242188e+02 2.435080146789550781e+02 3.012199211120605469e+02 1.518617391586303711e+02 1.000000000000000000e+00 3.267930448055267334e-01
1.210000000000000000e+02 9.686621093750000000e+02 9.905217647552490234e+01 2.386289787292480469e+02 1.461892032623291016e+02 0.000000000000000000e+00 7.576297521591186523e-01
1.210000000000000000e+02 5.383610916137695312e+02 2.443712139129638672e+02 3.006607437133789062e+02 1.494705247879028320e+02 1.000000000000000000e+00 3.017618954181671143e-01
1.220000000000000000e+02 9.627023315429687500e+02 9.754270076751710405e+01 2.135367393493652344e+02 1.535182571411132812e+02 0.000000000000000000e+00 9.134937524795532227e-01
1.220000000000000000e+02 5.386475753784179688e+02 2.440737533569335938e+02 3.009969139099121094e+02 1.502130031585693359e+02 1.000000000000000000e+00 3.069532215595245361e-01
1.230000000000000000e+02 9.452825927734375000e+02 9.847932815551759234e+01 2.091992568969726562e+02 1.552128982543945312e+02 0.000000000000000000e+00 9.634802937507629395e-01
1.230000000000000000e+02 5.391165161132812500e+02 2.425539493560791016e+02 3.000919914245605469e+02 1.521530628204345703e+02 1.000000000000000000e+00 3.717401623725891113e-01
1.240000000000000000e+02 9.451781463623046875e+02 9.844051837921145420e+01 2.095016288757324219e+02 1.552144861221313477e+02 0.000000000000000000e+00 9.622431993484497070e-01
1.240000000000000000e+02 5.390845489501953125e+02 2.425994396209716797e+02 3.001164054870605469e+02 1.522239589691162109e+02 1.000000000000000000e+00 3.693847060203552246e-01
1.250000000000000000e+02 9.402443695068359375e+02 1.007065486907959126e+02 2.214651489257812500e+02 1.446650362014770508e+02 0.000000000000000000e+00 9.412886500358581543e-01
1.250000000000000000e+02 5.389570999145507812e+02 2.428791332244873047e+02 3.004498100280761719e+02 1.515332937240600586e+02 1.000000000000000000e+00 4.123715460300445557e-01
1.260000000000000000e+02 9.356329345703125000e+02 9.709606647491457920e+01 2.140470695495605469e+02 1.412996435165405273e+02 0.000000000000000000e+00 6.774870157241821289e-01
1.260000000000000000e+02 5.390922927856445312e+02 2.421505165100097656e+02 3.005127525329589844e+02 1.522799921035766602e+02 1.000000000000000000e+00 4.007980227470397949e-01
1.270000000000000000e+02 9.359217071533203125e+02 9.707758426666261187e+01 2.142826461791992188e+02 1.416450262069702148e+02 0.000000000000000000e+00 6.631153225898742676e-01
1.270000000000000000e+02 5.390909576416015625e+02 2.421527481079101562e+02 3.004641151428222656e+02 1.521692562103271484e+02 1.000000000000000000e+00 3.981603384017944336e-01
1.280000000000000000e+02 9.246446990966796875e+02 8.815388202667239170e+01 1.791491889953613281e+02 1.301725959777832031e+02 0.000000000000000000e+00 7.336015701293945312e-01
1.280000000000000000e+02 5.388312530517578125e+02 2.427021503448486328e+02 3.019610214233398438e+02 1.538023138046264648e+02 1.000000000000000000e+00 2.748600840568542480e-01
1.290000000000000000e+02 9.104093933105468750e+02 8.347054481506349077e+01 1.404768085479736328e+02 1.252620363235473633e+02 0.000000000000000000e+00 7.042965292930603027e-01
1.300000000000000000e+02 8.868843078613281250e+02 7.738742351531983843e+01 1.189209270477294922e+02 1.120588803291320801e+02 0.000000000000000000e+00 3.552333414554595947e-01
1.300000000000000000e+02 5.384700393676757812e+02 2.439692687988281250e+02 3.036307334899902344e+02 1.567703819274902344e+02 1.000000000000000000e+00 2.534818053245544434e-01
1.310000000000000000e+02 8.868998718261718750e+02 7.734302043914794922e+01 1.189332580566406250e+02 1.120200777053833008e+02 0.000000000000000000e+00 3.689907193183898926e-01
1.310000000000000000e+02 5.385414505004882812e+02 2.439149093627929972e+02 3.036859893798828125e+02 1.567613410949707031e+02 1.000000000000000000e+00 2.523153126239776611e-01
1.320000000000000000e+02 8.720890045166015625e+02 7.371740341186523438e+01 1.321818161010742188e+02 1.083643198013305664e+02 0.000000000000000000e+00 5.411242246627807617e-01
1.320000000000000000e+02 5.390459442138671875e+02 2.434236717224121094e+02 3.023922920227050781e+02 1.562666416168212891e+02 1.000000000000000000e+00 3.051557540893554688e-01
1.330000000000000000e+02 8.510646057128906250e+02 6.898538589477539062e+01 1.455172729492187500e+02 1.073727965354919434e+02 0.000000000000000000e+00 8.176220655441284180e-01
1.330000000000000000e+02 5.393837738037109375e+02 2.433968925476074219e+02 3.018595886230468750e+02 1.551588678359985352e+02 1.000000000000000000e+00 3.158952593803405762e-01
1.340000000000000000e+02 8.144422912597656250e+02 6.828453540802001953e+01 1.683832168579101562e+02 1.025873064994812012e+02 0.000000000000000000e+00 7.205177545547485352e-01
1.340000000000000000e+02 5.392750930786132812e+02 2.435316181182861328e+02 3.019327735900878906e+02 1.552405214309692383e+02 1.000000000000000000e+00 3.333795964717864990e-01
1.350000000000000000e+02 5.393529129028320312e+02 2.433368968963623047e+02 3.035939979553222656e+02 1.575410413742065430e+02 1.000000000000000000e+00 2.805543839931488037e-01
1.360000000000000000e+02 5.394354248046875000e+02 2.433225631713867188e+02 3.037535667419433594e+02 1.572807312011718750e+02 1.000000000000000000e+00 2.817969024181365967e-01
1.370000000000000000e+02 7.924935913085937500e+02 6.590379238128663530e+01 1.828751754760742188e+02 9.679381370544432173e+01 0.000000000000000000e+00 3.055110573768615723e-01
1.380000000000000000e+02 5.378948974609375000e+02 2.442628097534179688e+02 3.067906951904296875e+02 1.547822713851928711e+02 1.000000000000000000e+00 2.787412703037261963e-01
1.390000000000000000e+02 7.876756286621093750e+02 6.566576957702639561e+01 1.868778610229492188e+02 9.806789159774780273e+01 0.000000000000000000e+00 2.523638606071472168e-01
1.390000000000000000e+02 5.379857254028320312e+02 2.442941379547119141e+02 3.069169807434082031e+02 1.550653839111328125e+02 1.000000000000000000e+00 2.764565646648406982e-01
1.400000000000000000e+02 7.831019592285156250e+02 6.300255775451660156e+01 1.959342384338378906e+02 9.184669733047485352e+01 0.000000000000000000e+00 7.368475198745727539e-01
1.400000000000000000e+02 5.390776443481445312e+02 2.432517814636230753e+02 2.993953323364257812e+02 1.518109989166259766e+02 1.000000000000000000e+00 3.293547034263610840e-01
1.410000000000000000e+02 7.786988830566406250e+02 6.099051475524902344e+01 1.731752204895019531e+02 9.055525302886961470e+01 0.000000000000000000e+00 8.563621044158935547e-01
1.410000000000000000e+02 5.397624588012695312e+02 2.437787818908691690e+02 3.020449829101562500e+02 1.524591922760009766e+02 1.000000000000000000e+00 2.606414556503295898e-01
1.420000000000000000e+02 7.577590942382812500e+02 5.228712558746340733e+01 1.429269790649414062e+02 7.575337171554565430e+01 0.000000000000000000e+00 7.913811206817626953e-01
1.420000000000000000e+02 5.392823410034179688e+02 2.436776733398437784e+02 2.992841148376464844e+02 1.511195039749145508e+02 1.000000000000000000e+00 3.062971830368041992e-01
1.430000000000000000e+02 7.577574920654296875e+02 5.226483821868896484e+01 1.429152679443359375e+02 7.577129602432250977e+01 0.000000000000000000e+00 7.881428599357604980e-01
1.430000000000000000e+02 5.392989349365234375e+02 2.435485839843750284e+02 2.994263839721679688e+02 1.512960577011108398e+02 1.000000000000000000e+00 3.014843165874481201e-01
1.440000000000000000e+02 7.456564331054687500e+02 4.997900962829592686e+01 1.348498249053955078e+02 7.312278985977172852e+01 0.000000000000000000e+00 7.823703289031982422e-01
1.440000000000000000e+02 5.392897796630859375e+02 2.437240791320800781e+02 3.004595565795898438e+02 1.493491172790527344e+02 1.000000000000000000e+00 3.270855844020843506e-01
1.450000000000000000e+02 7.269272613525390625e+02 5.008709907531738281e+01 1.206084537506103516e+02 7.297584772109985352e+01 0.000000000000000000e+00 7.147113680839538574e-01
1.450000000000000000e+02 5.390713500976562500e+02 2.433603572845459269e+02 2.994500541687011719e+02 1.489436960220336914e+02 1.000000000000000000e+00 4.043735563755035400e-01
1.460000000000000000e+02 7.112161254882812500e+02 4.977052688598635655e+01 1.073857975006103516e+02 7.221022367477416992e+01 0.000000000000000000e+00 7.874552607536315918e-01
1.460000000000000000e+02 5.387742233276367188e+02 2.443326187133789062e+02 2.994493865966796875e+02 1.494312715530395508e+02 1.000000000000000000e+00 4.043774902820587158e-01
1.470000000000000000e+02 7.112210083007812500e+02 4.976953983306887608e+01 1.075738143920898438e+02 7.221740484237670898e+01 0.000000000000000000e+00 7.900253534317016602e-01
1.470000000000000000e+02 5.388093185424804688e+02 2.443745899200439453e+02 2.994452285766601562e+02 1.494367933273315430e+02 1.000000000000000000e+00 4.147782623767852783e-01
1.480000000000000000e+02 6.884445190429687500e+02 5.163272380828858843e+01 1.108258724212646484e+02 7.475995302200317383e+01 0.000000000000000000e+00 8.176261186599731445e-01
1.480000000000000000e+02 5.390655517578125000e+02 2.447869491577148722e+02 2.986220932006835938e+02 1.488014173507690430e+02 1.000000000000000000e+00 3.480277061462402344e-01
1.490000000000000000e+02 6.833957672119140625e+02 5.138105392456057530e+01 1.243810749053955078e+02 7.560429811477661133e+01 0.000000000000000000e+00 7.280256748199462891e-01
1.490000000000000000e+02 5.386539459228515625e+02 2.447206306457519531e+02 2.979516601562500000e+02 1.506646156311035156e+02 1.000000000000000000e+00 3.783853650093078613e-01
1.500000000000000000e+02 6.833435058593750000e+02 5.134570598602296343e+01 1.244130229949951172e+02 7.550016403198242188e+01 0.000000000000000000e+00 7.433761358261108398e-01
1.500000000000000000e+02 5.386147308349609375e+02 2.447934150695800781e+02 2.980995178222656250e+02 1.504100847244262695e+02 1.000000000000000000e+00 3.806280791759490967e-01
1.510000000000000000e+02 6.629521942138671875e+02 5.038702011108399859e+01 1.584405422210693359e+02 7.470491409301757812e+01 0.000000000000000000e+00 7.877829670906066895e-01
1.510000000000000000e+02 5.386351776123046875e+02 2.455154228210449219e+02 2.983121299743652344e+02 1.483970403671264648e+02 1.000000000000000000e+00 3.478228747844696045e-01
1.520000000000000000e+02 6.557286834716796875e+02 5.075604915618897905e+01 1.731322669982910156e+02 7.308287143707275391e+01 0.000000000000000000e+00 6.715395450592041016e-01
1.520000000000000000e+02 5.386191940307617188e+02 2.447294998168945312e+02 2.978492927551269531e+02 1.485777854919433594e+02 1.000000000000000000e+00 4.260903894901275635e-01
1.530000000000000000e+02 6.557893371582031250e+02 5.077812194824218750e+01 1.733622741699218750e+02 7.317317247390747070e+01 0.000000000000000000e+00 6.720306873321533203e-01
1.530000000000000000e+02 5.386330413818359375e+02 2.446822643280029297e+02 2.973855018615722656e+02 1.487725925445556641e+02 1.000000000000000000e+00 4.317114949226379395e-01
1.540000000000000000e+02 6.474075317382812500e+02 4.961942195892336827e+01 1.809105300903320312e+02 7.518628835678100586e+01 0.000000000000000000e+00 4.263796806335449219e-01
1.540000000000000000e+02 5.385881805419921875e+02 2.452155876159668253e+02 2.969048881530761719e+02 1.491769552230834961e+02 1.000000000000000000e+00 4.021547436714172363e-01
1.550000000000000000e+02 5.378343582153320312e+02 2.473869037628173828e+02 2.996210670471191406e+02 1.466962051391601562e+02 1.000000000000000000e+00 2.658753097057342529e-01
1.560000000000000000e+02 5.369319534301757812e+02 2.474987125396728516e+02 2.975301170349121094e+02 1.457968425750732422e+02 1.000000000000000000e+00 2.602343857288360596e-01
1.570000000000000000e+02 5.370096969604492188e+02 2.475357341766357422e+02 2.973884963989257812e+02 1.454074001312255859e+02 1.000000000000000000e+00 2.531377077102661133e-01
1.580000000000000000e+02 0.000000000000000000e+00 -1.199999999999999716e+02 0.000000000000000000e+00 0.000000000000000000e+00 0.000000000000000000e+00 0.000000000000000000e+00
1.590000000000000000e+02 0.000000000000000000e+00 -1.199999999999999716e+02 0.000000000000000000e+00 0.000000000000000000e+00 0.000000000000000000e+00 0.000000000000000000e+00
1.600000000000000000e+02 0.000000000000000000e+00 -1.199999999999999716e+02 0.000000000000000000e+00 0.000000000000000000e+00 0.000000000000000000e+00 0.000000000000000000e+00
1.610000000000000000e+02 0.000000000000000000e+00 -1.199999999999999716e+02 0.000000000000000000e+00 0.000000000000000000e+00 0.000000000000000000e+00 0.000000000000000000e+00
1.620000000000000000e+02 5.369269943237304688e+02 2.467925834655761719e+02 2.911089897155761719e+02 1.415198707580566406e+02 1.000000000000000000e+00 3.119042813777923584e-01
1.630000000000000000e+02 5.362822341918945312e+02 2.469688224792480469e+02 2.940696144104003906e+02 1.413234043121337891e+02 1.000000000000000000e+00 3.603850901126861572e-01
1.640000000000000000e+02 5.362574386596679688e+02 2.469092845916748331e+02 2.942980766296386719e+02 1.414459705352783203e+02 1.000000000000000000e+00 3.582939207553863525e-01
1.650000000000000000e+02 5.305553054809570312e+02 3.547544002532960405e+01 1.492363929748535156e+02 6.009180307388305664e+01 0.000000000000000000e+00 3.779764771461486816e-01
1.650000000000000000e+02 5.366798782348632812e+02 2.467187118530273438e+02 2.961487007141113281e+02 1.399241924285888672e+02 1.000000000000000000e+00 4.236846864223480225e-01
1.660000000000000000e+02 5.270936965942382812e+02 3.603960514068604937e+01 1.564995479583740234e+02 5.821192860603332520e+01 0.000000000000000000e+00 4.690170288085937500e-01
1.660000000000000000e+02 5.365052032470703125e+02 2.466696166992187500e+02 2.957993888854980469e+02 1.403439903259277344e+02 1.000000000000000000e+00 5.062936544418334961e-01
1.670000000000000000e+02 5.270512008666992188e+02 3.590271949768066406e+01 1.564974212646484375e+02 5.813789606094359641e+01 0.000000000000000000e+00 4.886512458324432373e-01
1.670000000000000000e+02 5.366490936279296875e+02 2.465871047973632812e+02 2.961961746215820312e+02 1.406270456314086914e+02 1.000000000000000000e+00 5.064091682434082031e-01
1.680000000000000000e+02 5.367512130737304688e+02 2.469879627227783203e+02 2.985576820373535156e+02 1.383599996566772461e+02 1.000000000000000000e+00 3.361677527427673340e-01
1.690000000000000000e+02 5.056602478027343750e+02 3.702721595764161577e+01 1.906841850280761719e+02 5.881335854530334473e+01 0.000000000000000000e+00 5.206303000450134277e-01
1.690000000000000000e+02 5.370307540893554688e+02 2.468335533142089844e+02 2.982456016540527344e+02 1.397283554077148438e+02 1.000000000000000000e+00 3.114635348320007324e-01
1.700000000000000000e+02 5.369974517822265625e+02 2.460808753967285156e+02 2.948620986938476562e+02 1.413967609405517578e+02 1.000000000000000000e+00 4.171299636363983154e-01
1.710000000000000000e+02 5.371709060668945312e+02 2.460719490051269531e+02 2.953348922729492188e+02 1.415171384811401367e+02 1.000000000000000000e+00 4.037904739379882812e-01
1.720000000000000000e+02 4.716223907470703125e+02 3.797753334045411577e+01 1.913674926757812500e+02 6.128834724426269531e+01 0.000000000000000000e+00 3.501911461353302002e-01
1.730000000000000000e+02 4.591147613525390625e+02 3.788449287414552202e+01 1.856498146057128906e+02 6.143373727798461914e+01 0.000000000000000000e+00 4.569877982139587402e-01
1.730000000000000000e+02 5.367611694335937500e+02 2.466829204559326172e+02 3.032380867004394531e+02 1.398639678955078125e+02 1.000000000000000000e+00 2.657120525836944580e-01
1.740000000000000000e+02 4.587413024902343750e+02 3.784163475036621094e+01 1.851761817932128906e+02 6.139262437820434570e+01 0.000000000000000000e+00 4.783293008804321289e-01
1.740000000000000000e+02 5.367911529541015625e+02 2.467010879516601562e+02 3.038018989562988281e+02 1.399765062332153320e+02 1.000000000000000000e+00 2.695102989673614502e-01
1.770000000000000000e+02 4.122175979614257812e+02 3.759060859680177202e+01 1.590641117095947266e+02 6.126571655273436789e+01 0.000000000000000000e+00 2.757395803928375244e-01
1.790000000000000000e+02 3.948388671875000000e+02 3.775693416595461827e+01 1.708363723754882812e+02 6.196647405624389648e+01 0.000000000000000000e+00 5.807353854179382324e-01
1.800000000000000000e+02 3.885323333740234375e+02 4.206137180328369141e+01 1.882332992553710938e+02 6.307861089706420188e+01 0.000000000000000000e+00 5.328515768051147461e-01
1.800000000000000000e+02 5.349507522583007812e+02 2.473930263519287394e+02 2.973385810852050781e+02 1.391639184951782227e+02 1.000000000000000000e+00 2.956176400184631348e-01
1.810000000000000000e+02 3.885540008544921875e+02 4.202313423156738281e+01 1.882234001159667969e+02 6.299735069274901633e+01 0.000000000000000000e+00 5.173408389091491699e-01
1.810000000000000000e+02 5.348601150512695312e+02 2.474902153015136719e+02 2.975652503967285156e+02 1.391296148300170898e+02 1.000000000000000000e+00 2.943036556243896484e-01
1.820000000000000000e+02 3.695417785644531250e+02 5.034956932067871094e+01 2.326675415039062500e+02 7.041167736053466797e+01 0.000000000000000000e+00 7.292622327804565430e-01
1.820000000000000000e+02 5.344423294067382812e+02 2.461762905120849894e+02 3.019954109191894531e+02 1.402013683319091797e+02 1.000000000000000000e+00 3.088653385639190674e-01
1.830000000000000000e+02 3.481632614135742188e+02 5.378661632537841797e+01 2.531735801696777344e+02 7.976270198822021484e+01 0.000000000000000000e+00 8.220682740211486816e-01
1.840000000000000000e+02 3.482655715942382812e+02 5.380266666412353516e+01 2.533803939819335938e+02 7.959293603897094727e+01 0.000000000000000000e+00 8.196564316749572754e-01
1.850000000000000000e+02 3.339484405517578125e+02 5.993411064147949219e+01 2.706995964050292969e+02 8.815494060516357422e+01 0.000000000000000000e+00 8.778570294380187988e-01
1.850000000000000000e+02 5.348358917236328125e+02 2.456457996368408203e+02 3.033337593078613281e+02 1.421983194351196289e+02 1.000000000000000000e+00 2.965457439422607422e-01
1.860000000000000000e+02 3.267043304443359375e+02 6.275586605072022905e+01 2.761165237426757812e+02 9.379592657089233398e+01 0.000000000000000000e+00 6.404868960380554199e-01
1.860000000000000000e+02 5.341110229492187500e+02 2.465143489837646484e+02 3.034443092346191406e+02 1.421583938598632812e+02 1.000000000000000000e+00 2.557602822780609131e-01
1.870000000000000000e+02 3.097460556030273438e+02 6.300747871398927202e+01 2.659333610534667969e+02 9.364950656890869141e+01 0.000000000000000000e+00 7.283581495285034180e-01
1.870000000000000000e+02 5.348105621337890625e+02 2.458705615997314737e+02 3.027552223205566406e+02 1.425063085556030273e+02 1.000000000000000000e+00 2.524191737174987793e-01
1.880000000000000000e+02 3.091470718383789062e+02 6.299673557281496983e+01 2.646542549133300781e+02 9.361625432968138227e+01 0.000000000000000000e+00 7.339066863059997559e-01
1.890000000000000000e+02 2.986266136169433594e+02 6.600543022155761719e+01 2.573785972595214844e+02 9.545651435852050781e+01 0.000000000000000000e+00 8.764070868492126465e-01
1.900000000000000000e+02 2.905203247070312500e+02 6.699193954467776280e+01 2.498877906799316406e+02 9.777687549591063032e+01 0.000000000000000000e+00 9.246535897254943848e-01
1.910000000000000000e+02 2.904375648498535156e+02 6.703631401062014561e+01 2.497716140747070312e+02 9.776897907257078657e+01 0.000000000000000000e+00 9.219621419906616211e-01
1.920000000000000000e+02 2.737536239624023438e+02 7.454635620117187500e+01 2.383340644836425781e+02 1.037458705902099609e+02 0.000000000000000000e+00 9.739862084388732910e-01
1.930000000000000000e+02 2.626507186889648438e+02 7.697197437286376953e+01 2.361205673217773438e+02 1.112056016921996928e+02 0.000000000000000000e+00 9.000356793403625488e-01
1.940000000000000000e+02 2.626347923278808594e+02 7.694944381713867188e+01 2.360761642456054688e+02 1.111963891983032227e+02 0.000000000000000000e+00 8.965014815330505371e-01
1.950000000000000000e+02 2.526933670043945312e+02 9.336838245391845703e+01 2.283294677734375000e+02 1.192384815216064453e+02 0.000000000000000000e+00 9.485691785812377930e-01
1.950000000000000000e+02 5.368494796752929688e+02 2.459971332550048828e+02 3.007784843444824219e+02 1.483898878097534180e+02 1.000000000000000000e+00 2.525187730789184570e-01
1.960000000000000000e+02 2.511951446533203125e+02 1.083859205245971680e+02 2.330653190612792969e+02 1.375802707672119141e+02 0.000000000000000000e+00 8.727838397026062012e-01
1.960000000000000000e+02 5.374153900146484375e+02 2.455193424224853800e+02 2.987026214599609375e+02 1.500718688964843750e+02 1.000000000000000000e+00 3.318276703357696533e-01
1.970000000000000000e+02 2.504322433471679688e+02 1.185605335235595845e+02 2.363607406616210938e+02 1.396309089660644531e+02 0.000000000000000000e+00 9.562207460403442383e-01
1.970000000000000000e+02 5.377590942382812500e+02 2.457621574401855753e+02 2.996194648742675781e+02 1.500669765472412109e+02 1.000000000000000000e+00 2.924760282039642334e-01
1.980000000000000000e+02 2.504213714599609375e+02 1.185821056365967081e+02 2.363598251342773438e+02 1.396852540969848633e+02 0.000000000000000000e+00 9.561528563499450684e-01
1.980000000000000000e+02 5.377465820312500000e+02 2.457095432281494425e+02 2.996269416809082031e+02 1.500369071960449219e+02 1.000000000000000000e+00 2.912546396255493164e-01
1.990000000000000000e+02 2.480464553833007812e+02 1.301640701293945312e+02 2.397451210021972656e+02 1.329943513870239258e+02 0.000000000000000000e+00 9.284844398498535156e-01
2.000000000000000000e+02 2.428762245178222656e+02 1.395367527008056641e+02 2.336348533630371094e+02 1.344425296783447266e+02 0.000000000000000000e+00 9.050004482269287109e-01
2.010000000000000000e+02 2.430706214904785156e+02 1.395086002349853516e+02 2.339155197143554688e+02 1.344381952285766602e+02 0.000000000000000000e+00 9.149165749549865723e-01
2.020000000000000000e+02 2.313844871520996094e+02 1.464396858215332031e+02 2.296382904052734375e+02 1.280815315246582031e+02 0.000000000000000000e+00 9.846159219741821289e-01
2.030000000000000000e+02 2.305963706970214844e+02 1.477747821807861328e+02 2.395627021789550781e+02 1.172157597541809082e+02 0.000000000000000000e+00 9.844917654991149902e-01
2.040000000000000000e+02 2.256004142761230469e+02 1.516494369506835938e+02 2.402634048461914062e+02 1.108207082748413086e+02 0.000000000000000000e+00 9.828789234161376953e-01
2.050000000000000000e+02 2.256918716430664062e+02 1.516434860229492472e+02 2.403583145141601562e+02 1.108525872230529785e+02 0.000000000000000000e+00 9.828291535377502441e-01
2.060000000000000000e+02 2.218612289428710938e+02 1.568799877166748047e+02 2.365804862976074219e+02 1.115430164337158203e+02 0.000000000000000000e+00 9.849653244018554688e-01
2.060000000000000000e+02 5.366194915771484375e+02 2.450267887115478516e+02 3.047222518920898438e+02 1.555126190185546875e+02 1.000000000000000000e+00 2.721298635005950928e-01
2.070000000000000000e+02 2.196029663085937500e+02 1.632485103607177734e+02 2.402907371520996094e+02 1.143869948387145996e+02 0.000000000000000000e+00 9.723200201988220215e-01
2.070000000000000000e+02 5.357404327392578125e+02 2.446597766876220703e+02 3.053854179382324219e+02 1.552045011520385742e+02 1.000000000000000000e+00 3.133927583694458008e-01
2.080000000000000000e+02 2.195705223083496094e+02 1.633311367034912394e+02 2.405146217346191406e+02 1.144984388351440430e+02 0.000000000000000000e+00 9.723881483078002930e-01
2.080000000000000000e+02 5.356760787963867188e+02 2.447617435455322266e+02 3.046518707275390625e+02 1.550099802017211914e+02 1.000000000000000000e+00 3.236377537250518799e-01
2.090000000000000000e+02 2.159941482543945312e+02 1.735080242156982422e+02 2.386936950683593750e+02 1.135125160217285014e+02 0.000000000000000000e+00 9.174928665161132812e-01
2.090000000000000000e+02 5.356278610229492188e+02 2.467805385589599894e+02 3.027965545654296875e+02 1.518631553649902344e+02 1.000000000000000000e+00 3.002256155014038086e-01
2.100000000000000000e+02 2.152220535278320312e+02 1.772751331329345703e+02 2.440832328796386719e+02 1.147964286804199219e+02 0.000000000000000000e+00 9.539398550987243652e-01
2.100000000000000000e+02 5.356792449951171875e+02 2.467187404632568644e+02 3.021950531005859375e+02 1.536419534683227539e+02 1.000000000000000000e+00 2.943075001239776611e-01
2.110000000000000000e+02 2.152599334716796875e+02 1.772987651824951172e+02 2.441475868225097656e+02 1.145683121681213379e+02 0.000000000000000000e+00 9.522820711135864258e-01
2.110000000000000000e+02 5.357328033447265625e+02 2.467368221282958984e+02 3.021187019348144531e+02 1.536376476287841797e+02 1.000000000000000000e+00 2.965276241302490234e-01
2.120000000000000000e+02 2.138087654113769531e+02 1.843877792358398438e+02 2.456486129760742188e+02 1.204976749420165874e+02 0.000000000000000000e+00 6.977989673614501953e-01
2.120000000000000000e+02 5.355675125122070312e+02 2.464363002777099609e+02 3.048092269897460938e+02 1.511770963668823242e+02 1.000000000000000000e+00 3.836994767189025879e-01
2.130000000000000000e+02 2.144048690795898438e+02 1.907105827331542969e+02 2.458694839477539062e+02 1.228398370742797852e+02 0.000000000000000000e+00 5.153069496154785156e-01
2.130000000000000000e+02 5.357791137695312500e+02 2.466433811187744425e+02 3.036765670776367188e+02 1.506591081619262695e+02 1.000000000000000000e+00 3.948622047901153564e-01
2.140000000000000000e+02 2.133200645446777344e+02 1.944094562530517578e+02 2.429921531677246094e+02 1.214084529876708984e+02 0.000000000000000000e+00 5.390654206275939941e-01
2.140000000000000000e+02 5.361319732666015625e+02 2.474034404754638672e+02 3.017056465148925781e+02 1.511148405075073242e+02 1.000000000000000000e+00 3.363760113716125488e-01
2.150000000000000000e+02 2.132481765747070312e+02 1.944957447052002237e+02 2.430964660644531250e+02 1.214542150497436381e+02 0.000000000000000000e+00 5.342770218849182129e-01
2.150000000000000000e+02 5.360328292846679688e+02 2.473622989654541300e+02 3.016101455688476562e+02 1.508068799972534180e+02 1.000000000000000000e+00 3.218473792076110840e-01
2.160000000000000000e+02 5.375752639770507812e+02 2.470218372344970703e+02 3.009720230102539062e+02 1.498391819000244141e+02 1.000000000000000000e+00 3.701094090938568115e-01
2.170000000000000000e+02 2.141243934631347656e+02 2.033481788635253906e+02 2.380264282226562500e+02 1.198160362243652344e+02 0.000000000000000000e+00 6.693252921104431152e-01
2.170000000000000000e+02 5.371553421020507812e+02 2.467308998107910156e+02 3.007713699340820312e+02 1.502473926544189453e+02 1.000000000000000000e+00 3.291743993759155273e-01
2.180000000000000000e+02 2.140229415893554688e+02 2.033643722534179972e+02 2.376424407958984375e+02 1.199731349945068359e+02 0.000000000000000000e+00 6.458103656768798828e-01
2.180000000000000000e+02 5.371399688720703125e+02 2.468121242523193644e+02 3.005788040161132812e+02 1.503739213943481445e+02 1.000000000000000000e+00 3.312515914440155029e-01
2.190000000000000000e+02 2.173351669311523438e+02 2.052027511596679688e+02 2.335938072204589844e+02 1.215652799606323100e+02 0.000000000000000000e+00 7.533183693885803223e-01
2.190000000000000000e+02 5.381057739257812500e+02 2.470934486389160156e+02 2.978846931457519531e+02 1.515693998336791992e+02 1.000000000000000000e+00 3.002846539020538330e-01
2.200000000000000000e+02 2.192975234985351562e+02 2.059467887878417969e+02 2.337169647216796875e+02 1.226920080184936523e+02 0.000000000000000000e+00 8.357899785041809082e-01
2.210000000000000000e+02 2.230989837646484375e+02 2.089063453674316406e+02 2.389506340026855469e+02 1.200448894500732422e+02 0.000000000000000000e+00 7.912315130233764648e-01
2.220000000000000000e+02 2.230669212341308594e+02 2.088715553283691406e+02 2.386564254760742188e+02 1.200872755050659038e+02 0.000000000000000000e+00 8.001946210861206055e-01
2.230000000000000000e+02 2.229490470886230469e+02 2.097020816802978516e+02 2.435216522216796875e+02 1.232808351516723633e+02 0.000000000000000000e+00 5.899432301521301270e-01
2.240000000000000000e+02 2.198466873168945312e+02 2.113278865814208984e+02 2.423931884765625000e+02 1.226266193389892436e+02 0.000000000000000000e+00 4.787451624870300293e-01
2.250000000000000000e+02 2.200279426574707031e+02 2.113011074066162109e+02 2.425965881347656250e+02 1.220469188690185405e+02 0.000000000000000000e+00 5.073581337928771973e-01
2.260000000000000000e+02 5.362491607666015625e+02 2.461829853057861612e+02 3.025817680358886719e+02 1.522073936462402344e+02 1.000000000000000000e+00 3.521085083484649658e-01
2.270000000000000000e+02 5.364110565185546875e+02 2.460256862640380859e+02 3.023389625549316406e+02 1.528311109542846680e+02 1.000000000000000000e+00 3.053118884563446045e-01
2.280000000000000000e+02 5.363149261474609375e+02 2.460316085815429688e+02 3.022056388854980469e+02 1.525965070724487305e+02 1.000000000000000000e+00 3.108748197555541992e-01
2.290000000000000000e+02 5.365280151367187500e+02 2.458720779418945312e+02 3.023883438110351562e+02 1.530524110794067383e+02 1.000000000000000000e+00 2.701952159404754639e-01
2.300000000000000000e+02 0.000000000000000000e+00 -1.199999999999999716e+02 0.000000000000000000e+00 0.000000000000000000e+00 0.000000000000000000e+00 0.000000000000000000e+00
2.310000000000000000e+02 2.094328689575195312e+02 2.156606197357177734e+02 2.447842788696289062e+02 1.229992961883544780e+02 0.000000000000000000e+00 2.643714249134063721e-01
2.320000000000000000e+02 2.093073272705078125e+02 2.156683158874511719e+02 2.446656990051269531e+02 1.231189155578613281e+02 0.000000000000000000e+00 2.698121666908264160e-01
2.330000000000000000e+02 5.361893844604492188e+02 2.456510353088378906e+02 3.011675453186035156e+02 1.521744775772094727e+02 1.000000000000000000e+00 3.059418499469757080e-01
2.340000000000000000e+02 5.364882278442382812e+02 2.456543254852294922e+02 3.020437431335449219e+02 1.518778467178344727e+02 1.000000000000000000e+00 2.684578299522399902e-01
2.350000000000000000e+02 5.367370605468750000e+02 2.454263019561767862e+02 3.016567039489746094e+02 1.529117631912231445e+02 1.000000000000000000e+00 2.582580149173736572e-01
2.360000000000000000e+02 5.367351150512695312e+02 2.448229980468750284e+02 3.026137351989746094e+02 1.528734111785888672e+02 1.000000000000000000e+00 3.255893886089324951e-01
2.370000000000000000e+02 5.375608062744140625e+02 2.446089649200439453e+02 3.011859321594238281e+02 1.538641405105590820e+02 1.000000000000000000e+00 3.069969117641448975e-01
2.380000000000000000e+02 5.375284957885742188e+02 2.446236991882324503e+02 3.010706138610839844e+02 1.538413667678833008e+02 1.000000000000000000e+00 3.062901198863983154e-01
2.390000000000000000e+02 2.183063125610351562e+02 2.142488479614257812e+02 2.572730827331542969e+02 1.242493772506713725e+02 0.000000000000000000e+00 5.823434591293334961e-01
2.400000000000000000e+02 2.160156059265136719e+02 2.137188720703125000e+02 2.533242988586425781e+02 1.255660343170166016e+02 0.000000000000000000e+00 4.064258337020874023e-01
2.400000000000000000e+02 5.366513061523437500e+02 2.448562431335449219e+02 3.009953308105468750e+02 1.551605415344238281e+02 1.000000000000000000e+00 2.695772945880889893e-01
2.410000000000000000e+02 2.147116851806640625e+02 2.126325702667236328e+02 2.507669830322265625e+02 1.233335351943969727e+02 0.000000000000000000e+00 6.486392021179199219e-01
2.420000000000000000e+02 2.142839431762695312e+02 2.126154041290283203e+02 2.494152641296386719e+02 1.231277561187744141e+02 0.000000000000000000e+00 6.251426935195922852e-01
2.430000000000000000e+02 2.167229843139648438e+02 2.103735351562500000e+02 2.522160720825195312e+02 1.250763416290283203e+02 0.000000000000000000e+00 8.929948806762695312e-01
2.440000000000000000e+02 2.156533050537109375e+02 2.095304489135742472e+02 2.494713401794433594e+02 1.244888019561767436e+02 0.000000000000000000e+00 9.320608973503112793e-01
2.450000000000000000e+02 2.158168983459472656e+02 2.094920825958252237e+02 2.494845390319824219e+02 1.246591901779174805e+02 0.000000000000000000e+00 9.320905208587646484e-01
2.460000000000000000e+02 2.142457008361816406e+02 2.096912097930908487e+02 2.464312171936035156e+02 1.225864219665527344e+02 0.000000000000000000e+00 8.902146220207214355e-01
2.470000000000000000e+02 2.168274307250976562e+02 2.096236038208007812e+02 2.560383224487304688e+02 1.196229386329650879e+02 0.000000000000000000e+00 8.563025593757629395e-01
2.480000000000000000e+02 2.149672508239746094e+02 2.097848224639892578e+02 2.572521972656250000e+02 1.160882806777954102e+02 0.000000000000000000e+00 7.143079042434692383e-01
2.490000000000000000e+02 2.151207733154296875e+02 2.098857021331787394e+02 2.578759384155273438e+02 1.160750341415405131e+02 0.000000000000000000e+00 7.237957119941711426e-01
2.500000000000000000e+02 2.112728309631347656e+02 2.091032695770263956e+02 2.506094932556152344e+02 1.215638637542724467e+02 0.000000000000000000e+00 7.305242419242858887e-01
2.500000000000000000e+02 5.371768951416015625e+02 2.457327747344970703e+02 3.017832946777343750e+02 1.566291761398315430e+02 1.000000000000000000e+00 2.796024382114410400e-01
2.510000000000000000e+02 2.081184768676757812e+02 2.078673076629638956e+02 2.372176170349121094e+02 1.235310173034667827e+02 0.000000000000000000e+00 2.879614531993865967e-01
2.510000000000000000e+02 5.374100875854492188e+02 2.461307716369628906e+02 3.013595390319824219e+02 1.569222593307495117e+02 1.000000000000000000e+00 2.645106911659240723e-01
2.520000000000000000e+02 2.079094696044921875e+02 2.078790378570556641e+02 2.370195579528808594e+02 1.234135580062866069e+02 0.000000000000000000e+00 3.148665130138397217e-01
2.520000000000000000e+02 5.373320388793945312e+02 2.461507129669189737e+02 3.016416358947753906e+02 1.566831636428833008e+02 1.000000000000000000e+00 2.739006876945495605e-01
2.530000000000000000e+02 2.157016372680664062e+02 2.107636928558349609e+02 2.624551391601562500e+02 1.210311412811279297e+02 0.000000000000000000e+00 6.186818480491638184e-01
2.530000000000000000e+02 5.366385650634765625e+02 2.452542686462402344e+02 3.044513130187988281e+02 1.566918897628784180e+02 1.000000000000000000e+00 3.078138530254364014e-01
2.540000000000000000e+02 2.132403755187988281e+02 2.127201461791992188e+02 2.580167579650878906e+02 1.192642164230346680e+02 0.000000000000000000e+00 6.612060666084289551e-01
2.550000000000000000e+02 2.130814170837402344e+02 2.126302242279053019e+02 2.568725204467773438e+02 1.194846796989440776e+02 0.000000000000000000e+00 6.705669760704040527e-01
2.560000000000000000e+02 2.116625213623046875e+02 2.147945308685303019e+02 2.616823196411132812e+02 1.164564085006713867e+02 0.000000000000000000e+00 7.663591504096984863e-01
2.560000000000000000e+02 5.366060256958007812e+02 2.447466659545898438e+02 3.037718391418457031e+02 1.551266813278198242e+02 1.000000000000000000e+00 3.331799805164337158e-01
2.570000000000000000e+02 2.075114631652832031e+02 2.153843021392822266e+02 2.641380691528320312e+02 1.157995033264160156e+02 0.000000000000000000e+00 6.768145561218261719e-01
2.570000000000000000e+02 5.361844635009765625e+02 2.432769870758056641e+02 3.076630210876464844e+02 1.552848815917968750e+02 1.000000000000000000e+00 2.527123093605041504e-01
2.580000000000000000e+02 2.042138671875000000e+02 2.167045783996582031e+02 2.776324081420898438e+02 1.117694520950317383e+02 0.000000000000000000e+00 6.957493424415588379e-01
2.580000000000000000e+02 5.369467926025390625e+02 2.427299594879150391e+02 3.065128898620605469e+02 1.540637397766113281e+02 1.000000000000000000e+00 3.426910936832427979e-01
2.590000000000000000e+02 2.044167137145996094e+02 2.168766689300537109e+02 2.787777900695800781e+02 1.111982703208923340e+02 0.000000000000000000e+00 6.741761565208435059e-01
2.590000000000000000e+02 5.368498992919921875e+02 2.427442932128906250e+02 3.064415740966796875e+02 1.540289068222045898e+02 1.000000000000000000e+00 3.450457751750946045e-01
2.600000000000000000e+02 2.082321357727050781e+02 2.202949047088623331e+02 2.979018783569335938e+02 1.148003697395324707e+02 0.000000000000000000e+00 7.818607091903686523e-01
2.600000000000000000e+02 5.366259765625000000e+02 2.434347152709960938e+02 3.076172637939453125e+02 1.549650621414184570e+02 1.000000000000000000e+00 3.137365877628326416e-01
2.610000000000000000e+02 2.118227767944335938e+02 2.242466640472412109e+02 3.099494361877441406e+02 1.134388160705566406e+02 0.000000000000000000e+00 4.801927208900451660e-01
2.610000000000000000e+02 5.366759490966796875e+02 2.435638618469238565e+02 3.061163330078125000e+02 1.540740823745727539e+02 1.000000000000000000e+00 3.449764847755432129e-01
2.620000000000000000e+02 2.122835159301757812e+02 2.243504047393799112e+02 3.123986816406250000e+02 1.135065221786499023e+02 0.000000000000000000e+00 5.044561028480529785e-01
2.620000000000000000e+02 5.367453765869140625e+02 2.433355808258056641e+02 3.064973258972167969e+02 1.545609855651855469e+02 1.000000000000000000e+00 3.384718000888824463e-01
2.630000000000000000e+02 2.143380355834960938e+02 2.267283439636230753e+02 3.302527618408203125e+02 1.129857802391052246e+02 0.000000000000000000e+00 3.586037755012512207e-01
2.630000000000000000e+02 5.385195922851562500e+02 2.446783447265625000e+02 3.002396011352539062e+02 1.548033857345581055e+02 1.000000000000000000e+00 2.811926603317260742e-01
2.640000000000000000e+02 5.384358596801757812e+02 2.451756763458252237e+02 3.016158103942871094e+02 1.542193794250488281e+02 1.000000000000000000e+00 3.476132452487945557e-01
2.650000000000000000e+02 5.386050415039062500e+02 2.460867691040039347e+02 3.015930747985839844e+02 1.536807346343994141e+02 1.000000000000000000e+00 2.719199955463409424e-01
2.660000000000000000e+02 5.385779571533203125e+02 2.461201858520507812e+02 3.014980125427246094e+02 1.536277627944946289e+02 1.000000000000000000e+00 2.691856920719146729e-01
2.670000000000000000e+02 5.387001419067382812e+02 2.466095066070556641e+02 3.023152160644531250e+02 1.527311468124389648e+02 1.000000000000000000e+00 2.736315429210662842e-01
2.680000000000000000e+02 5.386544799804687500e+02 2.465734291076660440e+02 3.003287506103515625e+02 1.516459894180297852e+02 1.000000000000000000e+00 2.874426245689392090e-01
2.690000000000000000e+02 5.388066864013671875e+02 2.465863895416260050e+02 3.002820777893066406e+02 1.517902994155883789e+02 1.000000000000000000e+00 2.845121324062347412e-01
2.700000000000000000e+02 5.382344818115234375e+02 2.470589733123779581e+02 3.006730842590332031e+02 1.503414916992187500e+02 1.000000000000000000e+00 2.966028451919555664e-01
2.710000000000000000e+02 5.381653594970703125e+02 2.461417293548583984e+02 3.014718055725097656e+02 1.505888986587524414e+02 1.000000000000000000e+00 3.542279303073883057e-01
2.720000000000000000e+02 5.381500244140625000e+02 2.462301635742187500e+02 3.017904090881347656e+02 1.506032180786132812e+02 1.000000000000000000e+00 3.426756858825683594e-01
2.730000000000000000e+02 5.386334991455078125e+02 2.464861679077148438e+02 2.999437904357910156e+02 1.490630865097045898e+02 1.000000000000000000e+00 3.230512440204620361e-01
2.740000000000000000e+02 5.380099487304687500e+02 2.469102001190185547e+02 2.995968627929687500e+02 1.476791667938232422e+02 1.000000000000000000e+00 3.119258582592010498e-01
2.750000000000000000e+02 5.381640625000000000e+02 2.467565345764160156e+02 3.013077926635742188e+02 1.480247354507446289e+02 1.000000000000000000e+00 2.601780891418457031e-01
2.760000000000000000e+02 5.384315872192382812e+02 2.467181110382080078e+02 3.004806137084960938e+02 1.480713701248168945e+02 1.000000000000000000e+00 2.928320765495300293e-01
2.770000000000000000e+02 5.384785079956054688e+02 2.467797660827637003e+02 3.004674148559570312e+02 1.481461858749389648e+02 1.000000000000000000e+00 2.919702529907226562e-01
2.780000000000000000e+02 5.392916870117187500e+02 2.459476947784423828e+02 3.023321151733398438e+02 1.500683212280273438e+02 1.000000000000000000e+00 2.573901116847991943e-01
2.790000000000000000e+02 0.000000000000000000e+00 -1.199999999999999716e+02 0.000000000000000000e+00 0.000000000000000000e+00 0.000000000000000000e+00 0.000000000000000000e+00
2.800000000000000000e+02 0.000000000000000000e+00 -1.199999999999999716e+02 0.000000000000000000e+00 0.000000000000000000e+00 0.000000000000000000e+00 0.000000000000000000e+00
2.810000000000000000e+02 0.000000000000000000e+00 -1.199999999999999716e+02 0.000000000000000000e+00 0.000000000000000000e+00 0.000000000000000000e+00 0.000000000000000000e+00
2.820000000000000000e+02 0.000000000000000000e+00 -1.199999999999999716e+02 0.000000000000000000e+00 0.000000000000000000e+00 0.000000000000000000e+00 0.000000000000000000e+00
2.830000000000000000e+02 0.000000000000000000e+00 -1.199999999999999716e+02 0.000000000000000000e+00 0.000000000000000000e+00 0.000000000000000000e+00 0.000000000000000000e+00
2.840000000000000000e+02 0.000000000000000000e+00 -1.199999999999999716e+02 0.000000000000000000e+00 0.000000000000000000e+00 0.000000000000000000e+00 0.000000000000000000e+00
2.850000000000000000e+02 0.000000000000000000e+00 -1.199999999999999716e+02 0.000000000000000000e+00 0.000000000000000000e+00 0.000000000000000000e+00 0.000000000000000000e+00
2.860000000000000000e+02 0.000000000000000000e+00 -1.199999999999999716e+02 0.000000000000000000e+00 0.000000000000000000e+00 0.000000000000000000e+00 0.000000000000000000e+00
2.870000000000000000e+02 5.376398849487304688e+02 2.467375659942626953e+02 2.985058403015136719e+02 1.451750993728637695e+02 1.000000000000000000e+00 2.557600140571594238e-01
2.880000000000000000e+02 5.375874710083007812e+02 2.467424583435058594e+02 2.984678077697753906e+02 1.450106477737426758e+02 1.000000000000000000e+00 2.563604116439819336e-01
2.890000000000000000e+02 0.000000000000000000e+00 -1.199999999999999716e+02 0.000000000000000000e+00 0.000000000000000000e+00 0.000000000000000000e+00 0.000000000000000000e+00
2.900000000000000000e+02 0.000000000000000000e+00 -1.199999999999999716e+02 0.000000000000000000e+00 0.000000000000000000e+00 0.000000000000000000e+00 0.000000000000000000e+00
2.910000000000000000e+02 0.000000000000000000e+00 -1.199999999999999716e+02 0.000000000000000000e+00 0.000000000000000000e+00 0.000000000000000000e+00 0.000000000000000000e+00
2.920000000000000000e+02 0.000000000000000000e+00 -1.199999999999999716e+02 0.000000000000000000e+00 0.000000000000000000e+00 0.000000000000000000e+00 0.000000000000000000e+00
2.930000000000000000e+02 0.000000000000000000e+00 -1.199999999999999716e+02 0.000000000000000000e+00 0.000000000000000000e+00 0.000000000000000000e+00 0.000000000000000000e+00
2.940000000000000000e+02 0.000000000000000000e+00 -1.199999999999999716e+02 0.000000000000000000e+00 0.000000000000000000e+00 0.000000000000000000e+00 0.000000000000000000e+00
2.950000000000000000e+02 0.000000000000000000e+00 -1.199999999999999716e+02 0.000000000000000000e+00 0.000000000000000000e+00 0.000000000000000000e+00 0.000000000000000000e+00
2.960000000000000000e+02 0.000000000000000000e+00 -1.199999999999999716e+02 0.000000000000000000e+00 0.000000000000000000e+00 0.000000000000000000e+00 0.000000000000000000e+00
2.970000000000000000e+02 0.000000000000000000e+00 -1.199999999999999716e+02 0.000000000000000000e+00 0.000000000000000000e+00 0.000000000000000000e+00 0.000000000000000000e+00
2.980000000000000000e+02 0.000000000000000000e+00 -1.199999999999999716e+02 0.000000000000000000e+00 0.000000000000000000e+00 0.000000000000000000e+00 0.000000000000000000e+00
2.990000000000000000e+02 0.000000000000000000e+00 -1.199999999999999716e+02 0.000000000000000000e+00 0.000000000000000000e+00 0.000000000000000000e+00 0.000000000000000000e+00
3.000000000000000000e+02 0.000000000000000000e+00 -1.199999999999999716e+02 0.000000000000000000e+00 0.000000000000000000e+00 0.000000000000000000e+00 0.000000000000000000e+00
3.010000000000000000e+02 0.000000000000000000e+00 -1.199999999999999716e+02 0.000000000000000000e+00 0.000000000000000000e+00 0.000000000000000000e+00 0.000000000000000000e+00
3.020000000000000000e+02 0.000000000000000000e+00 -1.199999999999999716e+02 0.000000000000000000e+00 0.000000000000000000e+00 0.000000000000000000e+00 0.000000000000000000e+00
3.030000000000000000e+02 0.000000000000000000e+00 -1.199999999999999716e+02 0.000000000000000000e+00 0.000000000000000000e+00 0.000000000000000000e+00 0.000000000000000000e+00
3.040000000000000000e+02 0.000000000000000000e+00 -1.199999999999999716e+02 0.000000000000000000e+00 0.000000000000000000e+00 0.000000000000000000e+00 0.000000000000000000e+00
3.050000000000000000e+02 0.000000000000000000e+00 -1.199999999999999716e+02 0.000000000000000000e+00 0.000000000000000000e+00 0.000000000000000000e+00 0.000000000000000000e+00
3.060000000000000000e+02 0.000000000000000000e+00 -1.199999999999999716e+02 0.000000000000000000e+00 0.000000000000000000e+00 0.000000000000000000e+00 0.000000000000000000e+00
3.070000000000000000e+02 0.000000000000000000e+00 -1.199999999999999716e+02 0.000000000000000000e+00 0.000000000000000000e+00 0.000000000000000000e+00 0.000000000000000000e+00
3.080000000000000000e+02 0.000000000000000000e+00 -1.199999999999999716e+02 0.000000000000000000e+00 0.000000000000000000e+00 0.000000000000000000e+00 0.000000000000000000e+00
3.090000000000000000e+02 0.000000000000000000e+00 -1.199999999999999716e+02 0.000000000000000000e+00 0.000000000000000000e+00 0.000000000000000000e+00 0.000000000000000000e+00
3.120000000000000000e+02 0.000000000000000000e+00 -1.199999999999999716e+02 0.000000000000000000e+00 0.000000000000000000e+00 0.000000000000000000e+00 0.000000000000000000e+00
3.130000000000000000e+02 0.000000000000000000e+00 -1.199999999999999716e+02 0.000000000000000000e+00 0.000000000000000000e+00 0.000000000000000000e+00 0.000000000000000000e+00
3.140000000000000000e+02 0.000000000000000000e+00 -1.199999999999999716e+02 0.000000000000000000e+00 0.000000000000000000e+00 0.000000000000000000e+00 0.000000000000000000e+00
3.150000000000000000e+02 0.000000000000000000e+00 -1.199999999999999716e+02 0.000000000000000000e+00 0.000000000000000000e+00 0.000000000000000000e+00 0.000000000000000000e+00
3.160000000000000000e+02 1.112915897369384766e+02 2.077898597717285156e+02 2.198569869995117188e+02 1.041739869117736674e+02 0.000000000000000000e+00 3.948625326156616211e-01
3.170000000000000000e+02 1.102720642089843750e+02 2.067523097991943359e+02 2.152580261230468750e+02 1.070831394195556641e+02 0.000000000000000000e+00 5.513361692428588867e-01
3.180000000000000000e+02 0.000000000000000000e+00 -1.199999999999999716e+02 0.000000000000000000e+00 0.000000000000000000e+00 0.000000000000000000e+00 0.000000000000000000e+00
3.190000000000000000e+02 0.000000000000000000e+00 -1.199999999999999716e+02 0.000000000000000000e+00 0.000000000000000000e+00 0.000000000000000000e+00 0.000000000000000000e+00
3.200000000000000000e+02 0.000000000000000000e+00 -1.199999999999999716e+02 0.000000000000000000e+00 0.000000000000000000e+00 0.000000000000000000e+00 0.000000000000000000e+00
3.210000000000000000e+02 0.000000000000000000e+00 -1.199999999999999716e+02 0.000000000000000000e+00 0.000000000000000000e+00 0.000000000000000000e+00 0.000000000000000000e+00
3.220000000000000000e+02 0.000000000000000000e+00 -1.199999999999999716e+02 0.000000000000000000e+00 0.000000000000000000e+00 0.000000000000000000e+00 0.000000000000000000e+00
3.230000000000000000e+02 0.000000000000000000e+00 -1.199999999999999716e+02 0.000000000000000000e+00 0.000000000000000000e+00 0.000000000000000000e+00 0.000000000000000000e+00
3.240000000000000000e+02 0.000000000000000000e+00 -1.199999999999999716e+02 0.000000000000000000e+00 0.000000000000000000e+00 0.000000000000000000e+00 0.000000000000000000e+00
3.250000000000000000e+02 0.000000000000000000e+00 -1.199999999999999716e+02 0.000000000000000000e+00 0.000000000000000000e+00 0.000000000000000000e+00 0.000000000000000000e+00
3.260000000000000000e+02 0.000000000000000000e+00 -1.199999999999999716e+02 0.000000000000000000e+00 0.000000000000000000e+00 0.000000000000000000e+00 0.000000000000000000e+00
3.270000000000000000e+02 0.000000000000000000e+00 -1.199999999999999716e+02 0.000000000000000000e+00 0.000000000000000000e+00 0.000000000000000000e+00 0.000000000000000000e+00
3.700000000000000000e+02 1.138951587677001953e+02 5.065777301788331499e+01 2.103940200805664062e+02 7.267315864562988281e+01 0.000000000000000000e+00 2.519528269767761230e-01
3.710000000000000000e+02 1.140879249572753906e+02 5.073477745056152344e+01 2.101536178588867188e+02 7.255768060684204102e+01 0.000000000000000000e+00 2.757627367973327637e-01
3.850000000000000000e+02 0.000000000000000000e+00 -1.199999999999999716e+02 0.000000000000000000e+00 0.000000000000000000e+00 0.000000000000000000e+00 0.000000000000000000e+00
3.860000000000000000e+02 0.000000000000000000e+00 -1.199999999999999716e+02 0.000000000000000000e+00 0.000000000000000000e+00 0.000000000000000000e+00 0.000000000000000000e+00
3.870000000000000000e+02 0.000000000000000000e+00 -1.199999999999999716e+02 0.000000000000000000e+00 0.000000000000000000e+00 0.000000000000000000e+00 0.000000000000000000e+00
3.920000000000000000e+02 0.000000000000000000e+00 -1.199999999999999716e+02 0.000000000000000000e+00 0.000000000000000000e+00 0.000000000000000000e+00 0.000000000000000000e+00
3.960000000000000000e+02 0.000000000000000000e+00 -1.199999999999999716e+02 0.000000000000000000e+00 0.000000000000000000e+00 0.000000000000000000e+00 0.000000000000000000e+00
4.000000000000000000e+02 0.000000000000000000e+00 -1.199999999999999716e+02 0.000000000000000000e+00 0.000000000000000000e+00 0.000000000000000000e+00 0.000000000000000000e+00
4.010000000000000000e+02 0.000000000000000000e+00 -1.199999999999999716e+02 0.000000000000000000e+00 0.000000000000000000e+00 0.000000000000000000e+00 0.000000000000000000e+00
4.020000000000000000e+02 0.000000000000000000e+00 -1.199999999999999716e+02 0.000000000000000000e+00 0.000000000000000000e+00 0.000000000000000000e+00 0.000000000000000000e+00
4.130000000000000000e+02 0.000000000000000000e+00 -1.199999999999999716e+02 0.000000000000000000e+00 0.000000000000000000e+00 0.000000000000000000e+00 0.000000000000000000e+00
4.140000000000000000e+02 0.000000000000000000e+00 -1.199999999999999716e+02 0.000000000000000000e+00 0.000000000000000000e+00 0.000000000000000000e+00 0.000000000000000000e+00
4.180000000000000000e+02 0.000000000000000000e+00 -1.199999999999999716e+02 0.000000000000000000e+00 0.000000000000000000e+00 0.000000000000000000e+00 0.000000000000000000e+00
4.200000000000000000e+02 0.000000000000000000e+00 -1.199999999999999716e+02 0.000000000000000000e+00 0.000000000000000000e+00 0.000000000000000000e+00 0.000000000000000000e+00
4.210000000000000000e+02 0.000000000000000000e+00 -1.199999999999999716e+02 0.000000000000000000e+00 0.000000000000000000e+00 0.000000000000000000e+00 0.000000000000000000e+00
4.220000000000000000e+02 0.000000000000000000e+00 -1.199999999999999716e+02 0.000000000000000000e+00 0.000000000000000000e+00 0.000000000000000000e+00 0.000000000000000000e+00
4.230000000000000000e+02 0.000000000000000000e+00 -1.199999999999999716e+02 0.000000000000000000e+00 0.000000000000000000e+00 0.000000000000000000e+00 0.000000000000000000e+00
4.240000000000000000e+02 0.000000000000000000e+00 -1.199999999999999716e+02 0.000000000000000000e+00 0.000000000000000000e+00 0.000000000000000000e+00 0.000000000000000000e+00
4.250000000000000000e+02 0.000000000000000000e+00 -1.199999999999999716e+02 0.000000000000000000e+00 0.000000000000000000e+00 0.000000000000000000e+00 0.000000000000000000e+00
4.260000000000000000e+02 0.000000000000000000e+00 -1.199999999999999716e+02 0.000000000000000000e+00 0.000000000000000000e+00 0.000000000000000000e+00 0.000000000000000000e+00
4.270000000000000000e+02 0.000000000000000000e+00 -1.199999999999999716e+02 0.000000000000000000e+00 0.000000000000000000e+00 0.000000000000000000e+00 0.000000000000000000e+00
4.280000000000000000e+02 0.000000000000000000e+00 -1.199999999999999716e+02 0.000000000000000000e+00 0.000000000000000000e+00 0.000000000000000000e+00 0.000000000000000000e+00
4.290000000000000000e+02 0.000000000000000000e+00 -1.199999999999999716e+02 0.000000000000000000e+00 0.000000000000000000e+00 0.000000000000000000e+00 0.000000000000000000e+00
4.300000000000000000e+02 0.000000000000000000e+00 -1.199999999999999716e+02 0.000000000000000000e+00 0.000000000000000000e+00 0.000000000000000000e+00 0.000000000000000000e+00
4.310000000000000000e+02 0.000000000000000000e+00 -1.199999999999999716e+02 0.000000000000000000e+00 0.000000000000000000e+00 0.000000000000000000e+00 0.000000000000000000e+00
4.330000000000000000e+02 0.000000000000000000e+00 -1.199999999999999716e+02 0.000000000000000000e+00 0.000000000000000000e+00 0.000000000000000000e+00 0.000000000000000000e+00
4.340000000000000000e+02 0.000000000000000000e+00 -1.199999999999999716e+02 0.000000000000000000e+00 0.000000000000000000e+00 0.000000000000000000e+00 0.000000000000000000e+00
4.350000000000000000e+02 0.000000000000000000e+00 -1.199999999999999716e+02 0.000000000000000000e+00 0.000000000000000000e+00 0.000000000000000000e+00 0.000000000000000000e+00
4.360000000000000000e+02 0.000000000000000000e+00 -1.199999999999999716e+02 0.000000000000000000e+00 0.000000000000000000e+00 0.000000000000000000e+00 0.000000000000000000e+00
4.370000000000000000e+02 0.000000000000000000e+00 -1.199999999999999716e+02 0.000000000000000000e+00 0.000000000000000000e+00 0.000000000000000000e+00 0.000000000000000000e+00
4.380000000000000000e+02 0.000000000000000000e+00 -1.199999999999999716e+02 0.000000000000000000e+00 0.000000000000000000e+00 0.000000000000000000e+00 0.000000000000000000e+00
4.390000000000000000e+02 0.000000000000000000e+00 -1.199999999999999716e+02 0.000000000000000000e+00 0.000000000000000000e+00 0.000000000000000000e+00 0.000000000000000000e+00
4.410000000000000000e+02 0.000000000000000000e+00 -1.199999999999999716e+02 0.000000000000000000e+00 0.000000000000000000e+00 0.000000000000000000e+00 0.000000000000000000e+00
4.420000000000000000e+02 0.000000000000000000e+00 -1.199999999999999716e+02 0.000000000000000000e+00 0.000000000000000000e+00 0.000000000000000000e+00 0.000000000000000000e+00
4.430000000000000000e+02 0.000000000000000000e+00 -1.199999999999999716e+02 0.000000000000000000e+00 0.000000000000000000e+00 0.000000000000000000e+00 0.000000000000000000e+00
4.490000000000000000e+02 0.000000000000000000e+00 -1.199999999999999716e+02 0.000000000000000000e+00 0.000000000000000000e+00 0.000000000000000000e+00 0.000000000000000000e+00
4.500000000000000000e+02 0.000000000000000000e+00 -1.199999999999999716e+02 0.000000000000000000e+00 0.000000000000000000e+00 0.000000000000000000e+00 0.000000000000000000e+00
4.510000000000000000e+02 0.000000000000000000e+00 -1.199999999999999716e+02 0.000000000000000000e+00 0.000000000000000000e+00 0.000000000000000000e+00 0.000000000000000000e+00
4.520000000000000000e+02 0.000000000000000000e+00 -1.199999999999999716e+02 0.000000000000000000e+00 0.000000000000000000e+00 0.000000000000000000e+00 0.000000000000000000e+00
